   3.3000000e+01
   2.0000000e+00
   1.5000000e+00
   2.0000000e+00
   4.0000000e+00
   1.0000000e+00
   5.0000000e+00
   4.0000000e+00
   1.2000000e+01
   5.0000000e-01
   2.0000000e+00
   4.0000000e+00
   2.5000000e+00
   1.0000000e+01
   1.2000000e+02
   2.0000000e-01
   7.0000000e+00
   1.0500000e+02
   1.0000000e+00
   9.0500000e+00
   6.0000000e+00
   3.0000000e+00
   2.7000000e+01
   7.0000000e+00
   3.0000000e+00
   1.0000000e+01
   4.2000000e+01
   1.7000000e+01
   3.0000000e+00
   2.0050000e+00
   7.0500000e+00
   2.0000000e+01
             NaN
   1.6050000e+01
   2.5000000e+01
   2.0000000e+00
   2.5000000e+00
   2.5000000e+00
   5.0000000e+01
             NaN
   1.0000000e+01
   3.0000000e+00
   5.0000000e+01
   1.2000000e+01
   2.0250000e+00
   5.0000000e+00
   1.5000000e+00
   4.9000000e+01
   1.0000000e+01
   2.5000000e+00
