   1.0000000e+00
   8.0050000e+01
   3.3000000e+01
   3.0000000e+00
   2.0000000e+00
   1.5000000e+00
   2.0000000e+00
   4.0000000e+00
   1.5000000e+00
   1.0000000e+00
   5.0000000e+00
   1.0000000e+01
   2.0000000e+00
   1.2000000e+01
   3.0000000e+00
   3.0000000e+00
   4.0000000e+00
   6.5000000e+01
   2.5000000e+00
             NaN
   3.0000000e+00
   1.0000000e+01
   2.1000000e+01
   1.0000000e+00
   2.0000000e-01
   1.0000000e+00
   1.0000000e+00
   1.0500000e+02
   3.0000000e+00
   2.0000000e-01
   4.0000000e+00
   3.2200000e+00
   6.0000000e+00
   2.7000000e+01
   7.0000000e-01
   3.5000000e+00
   1.0000000e+01
   1.0000000e+01
   1.7000000e+01
   7.1000000e+00
   2.0050000e+01
             NaN
   1.5000000e+00
   2.0000000e+00
   1.7000000e+01
   3.0000000e+00
   4.0000000e+00
   6.0000000e+00
   4.0000000e+00
   4.0000000e+00
   4.0000000e+00
   1.5000000e+00
   7.0000000e+00
   1.3000000e+02
   3.0000000e+00
   2.5000000e+01
   1.9000000e+00
   4.0000000e+00
   1.0000000e+00
   7.0000000e+00
   1.0000000e+01
   1.0000000e+01
   1.2000000e+01
   2.0000000e+00
   5.0000000e+01
   8.0200000e+00
   2.0000000e+01
   1.5000000e+01
   3.0000000e+01
   2.5200000e+00
   4.0000000e+01
   2.0200000e+00
   1.0200000e+00
   5.2000000e-01
   1.5000000e+00
   5.0000000e+01
   1.5300000e+01
   5.0000000e-01
   5.0000000e+00
   1.0000000e+01
   8.3000000e+00
   2.5000000e+00
