   3.5000000e+01
   3.0000000e+01
   1.5000000e+01
   3.1000000e+00
   1.0015000e+01
   1.0015000e+01
   2.8000000e+01
   3.5000000e+01
   8.0000000e+01
   8.0000000e-01
   4.0000000e+00
   7.0000000e+00
   2.0000000e+01
   5.0000000e+00
   4.6100000e+00
   3.0000000e+01
   6.5000000e+01
   1.6500000e+01
   7.0000000e+00
   1.5000000e+01
   2.2000000e+01
   2.0000000e+00
   6.8010000e+01
   1.1500000e+01
   4.0200000e+00
   1.2000000e+02
   3.0000000e+00
   1.0000000e+01
   8.0000000e+01
   1.0000000e+01
   4.0000000e+00
   1.6000000e+00
   7.0000000e+01
   3.0000000e+00
   2.0000000e+01
   6.0000000e+00
   2.0080000e+01
   4.0000000e+00
   7.0000000e+00
   1.5000000e+01
   7.0000000e+00
   5.0000000e+00
   7.5000000e+01
   7.5000000e+01
   5.0000000e+01
   8.0000000e+00
   5.0000000e+00
   1.8000000e+01
   9.0000000e+00
   3.0000000e+00
   3.0000000e+00
   1.5000000e+00
   7.0000000e+00
   2.5000000e+01
   2.0000000e+01
   3.0000000e+00
   1.0000000e+01
   4.0000000e+01
   1.0000000e+01
   1.8000000e+01
   3.0000000e+00
   1.2000000e+01
   1.5000000e+01
   1.0000000e+01
   5.0000000e+00
   5.0000000e+00
   1.3000000e+01
   4.4000000e+01
   2.0000000e+01
   1.0000000e+00
   2.0000000e+01
   4.9000000e+00
   4.0000000e+01
   5.0000000e+00
   2.4300000e+01
   2.0000000e+00
   7.0000000e+01
   1.0000000e+01
   4.5000000e+00
   1.5000000e+00
   1.5000000e+01
   1.1000000e+01
   2.2000000e+01
   2.4000000e+01
   4.0000000e+01
   1.6000000e+01
   5.6000000e+01
   2.5000000e+01
   1.0000000e+01
   2.0000000e+01
   1.5000000e+01
   1.7000000e+01
   4.5000000e+00
   8.0000000e+00
   4.0000000e-01
   3.0000000e+00
   2.0000000e+01
   3.0400000e+00
   6.0600000e+00
   4.0000000e+00
   8.0000000e+00
   4.2100000e+00
   1.0000000e+01
   3.5000000e+01
   1.0000000e+00
   3.0000000e+01
   1.5000000e+01
   2.0000000e+00
   4.0000000e+00
   1.5000000e+00
   1.2000000e+01
   3.0000000e+00
   1.0000000e+01
   3.0000000e+00
   3.0000000e+00
   8.5000000e+00
   5.0000000e+00
   2.0000000e+01
   3.0000000e+00
   2.0000000e+00
   1.1000000e+01
   7.5000000e+01
   5.0000000e+01
   2.0000000e+00
   3.5000000e+00
   2.5000000e+00
   1.3000000e+00
   2.5000000e+01
   3.5000000e+01
   2.0000000e+02
   9.0000000e+01
   1.0000000e+01
   6.7000000e+00
   4.0000000e+00
   6.5000000e+00
   1.2000000e+01
   6.0000000e+00
   2.5000000e+00
   6.0000000e+01
   2.0000000e+00
   5.0000000e+00
   3.0100000e+01
   2.5000000e+01
   2.6000000e+01
   6.0000000e+01
   1.0500000e+02
   3.0000000e+00
   2.2000000e+01
   6.3000000e+01
   1.5000000e+00
   3.0000000e+01
   5.0000000e+00
   2.0000000e+00
   2.5000000e+01
   4.0000000e+00
   2.5000000e+00
   2.0000000e+00
   1.4500000e+02
   2.1000000e+00
   4.0000000e+01
   1.0000000e+00
   3.0000000e+00
   2.0000000e+00
   7.0000000e+00
   7.0000000e+00
   2.5000000e+01
   6.0000000e+00
   5.0000000e+00
   1.3000000e+01
   6.0000000e+00
   1.5000000e+00
   1.5000000e+01
   5.0000000e+00
   5.0000000e+00
   6.0000000e+00
   1.0000000e+01
   6.0000000e+00
   1.0000000e+00
   1.0000000e+00
   4.0000000e+00
   2.0000000e+01
   1.5000000e+01
   1.5000000e+01
   1.2500000e+01
   2.5000000e+01
   1.3000000e+01
   3.8000000e+01
   1.0000000e+00
   2.0000000e+00
   6.0000000e+00
   2.4000000e+01
   1.0000000e+01
   1.0000000e+01
   3.0000000e+00
   5.0000000e+00
   1.0000000e+01
   3.5000000e+00
   1.5000000e+01
   3.5000000e+01
   4.0000000e+01
   5.0000000e+00
   3.0000000e+00
   1.4000000e+00
   1.7000000e+01
   4.0000000e-01
   1.2000000e+01
   3.0000000e+01
   1.0000000e+01
   9.8000000e+01
   2.0050000e+01
   1.0000000e+00
   2.5000000e+01
   3.8000000e+01
   3.5000000e+01
   1.5000000e+00
   4.0000000e+00
   5.0000000e+00
   5.0000000e+00
   4.2250000e+00
   2.5000000e+01
   1.0000000e+01
   4.0000000e-01
   2.5000000e+01
   3.5000000e+00
   8.5000000e+00
   3.0000000e+00
   4.0000000e+00
   3.5000000e+01
   2.0000000e+00
   4.0000000e+00
   2.0000000e+01
   1.0000000e+01
   1.5000000e+01
   1.0000000e+01
   2.0000000e+00
   2.0000000e+00
   2.0000000e+00
   5.0000000e+00
   2.5000000e+00
   2.5000000e+00
   2.0000000e+00
   5.0000000e-01
   6.5000000e+01
   5.0000000e+01
   3.0000000e+01
   1.0000000e+01
   3.5000000e+00
             NaN
   3.0000000e+01
   2.7000000e+01
   5.0000000e-01
   1.0000000e+00
   1.0000000e+00
   9.0000000e+01
   1.0000000e+01
   3.5000000e+00
   1.8000000e+01
   7.0000000e+00
   1.0000000e+01
   1.0000000e+02
   1.2000000e+01
   7.0000000e+00
   1.7500000e+01
   8.0000000e-01
   3.0000000e+00
   3.0000000e+01
   4.0000000e+01
   3.3000000e+01
   5.5000000e+01
   2.0020000e+01
   1.6710000e+01
   2.5000000e+00
   2.5000000e+00
   3.5000000e+01
   2.0000000e+01
   7.6000000e+00
   1.3000000e+01
   2.6000000e+01
   3.0000000e+00
             NaN
             NaN
   3.0000000e+00
   4.0000000e+00
   4.0000000e+00
   2.0000000e+01
   2.5000000e+01
   3.5000000e+01
   4.0000000e+00
             NaN
   1.0000000e+01
   8.0000000e+00
   1.6000000e+01
   1.0000000e+01
   1.0000000e+01
   3.5000000e+00
   1.0000000e+01
   1.0000000e+00
   3.5000000e+01
   3.0000000e+01
   1.0000000e+01
   1.4000000e+01
   5.0000000e+00
   3.0000000e+00
   5.0000000e-01
   5.0000000e-01
   2.5000000e+00
   1.8000000e+01
   2.0000000e+00
   5.2000000e+00
   2.0000000e+00
   1.0020000e+01
   1.5000000e+01
   2.0000000e+01
   3.2000000e+01
   1.8000000e+01
   1.8000000e+01
   3.0000000e+00
   5.0000000e+00
   8.0000000e+00
   2.0000000e+01
   4.0000000e+01
   8.0000000e+00
   2.5000000e+01
   3.5000000e+01
   2.0580000e+01
   3.2000000e+01
   4.5000000e+01
   3.0000000e+01
   8.0000000e+00
   1.0000000e+02
   3.5000000e+01
   6.0100000e+00
   2.0000000e+01
   2.5000000e+01
   6.0000000e+00
             NaN
   7.0000000e+00
   1.0000000e+01
   4.2000000e+01
   2.0000000e+00
   2.5000000e+01
   2.0000000e+01
   3.0000000e+00
   1.3000000e+01
   3.0000000e+01
   2.5000000e+01
   2.5000000e+00
   1.1000000e+01
   2.9000000e+00
   1.2000000e+01
   5.0000000e+01
   2.0000000e+00
   8.0000000e+00
   1.0000000e+01
             NaN
   7.0000000e+00
   1.5000000e+01
   2.0110000e+01
   1.5000000e+00
   4.5000000e+01
   2.0000000e+01
   1.3000000e+01
   3.0000000e+00
   2.3000000e+01
   1.0000000e+01
   7.0000000e+01
   5.0000000e-01
   5.0000000e+00
   5.0000000e+00
   5.0000000e+00
   9.3000000e-01
   6.0100000e+00
   1.0000000e+00
   1.7000000e+01
   3.0000000e+00
   7.0000000e+01
   6.0000000e+01
   3.8000000e+01
   2.5000000e+01
   6.0000000e+00
   3.6000000e+00
   4.0000000e+00
   1.4000000e+01
   1.7000000e+01
   6.5000000e+01
   8.0000000e+00
   1.5900000e+01
   1.2000000e+01
   1.0000000e+01
   1.0000000e+00
   2.1000000e+01
   5.0000000e+00
   7.0000000e+01
   5.0200000e+01
   5.8000000e+01
   8.0000000e+00
   1.0000000e+01
   1.4000000e+00
   3.5000000e+00
   4.0000000e+00
   5.0000000e+00
   3.0000000e+00
   1.0000000e+00
   3.0000000e+00
   3.5000000e+01
   8.0000000e+00
   1.8000000e+01
   5.0000000e+00
   4.0000000e+00
   1.0000000e+01
   5.0000000e+01
   4.0000000e+00
   9.0000000e+00
   1.5000000e+01
   2.1000000e+01
   1.5000000e+01
   5.0000000e+00
   1.0000000e+01
   2.5500000e+01
   4.0000000e+00
   4.0000000e+00
   5.0000000e-01
   1.5000000e+00
   3.1000000e+00
   1.0000000e+00
   3.0000000e+00
   5.0000000e+00
   3.0000000e+00
   3.0000000e+00
   4.4000000e+01
   8.5000000e+01
   2.0000000e+00
   3.5000000e+01
   1.0000000e+00
   4.8000000e+01
   4.8000000e+01
   6.5000000e+00
   2.0000000e+00
   2.5000000e+01
   4.5000000e+01
   1.0000000e+01
   8.0000000e+00
   1.0000000e+00
   6.0000000e+00
   1.5000000e+01
   3.5000000e+00
   1.5000000e+01
   3.0000000e+00
   6.0000000e-01
   1.5000000e+01
   1.3000000e+01
   1.7000000e+01
   6.0000000e+00
   1.1500000e+01
   2.0000000e+01
   3.5000000e+01
   7.0000000e+00
   2.0000000e+01
   5.0000000e+00
   8.5000000e+01
   3.0000000e+00
   3.9000000e+00
   1.0000000e+01
   5.0000000e+00
   5.0000000e+00
   2.5000000e+01
   2.5000000e+01
   2.0000000e+00
   3.0000000e+01
   5.0000000e+00
   8.0000000e+00
   7.3000000e+00
   9.5000000e+00
             NaN
   3.0000000e+00
   1.8000000e+01
   5.0000000e+01
   6.0000000e+00
   5.0000000e+00
   2.8000000e+00
   2.7000000e+01
   1.2000000e+01
   1.2000000e+01
   4.0000000e+00
   8.0000000e-01
   2.0000000e+01
   3.0000000e+00
   1.0000000e+00
   2.0000000e+00
   1.5000000e+00
   1.5000000e+00
   1.5000000e+01
   3.0000000e+01
   4.0000000e+00
   2.5000000e+01
   1.8000000e+01
   3.0000000e+01
   3.0000000e+00
   1.5000000e+00
   6.0000000e+00
   2.2100000e+01
   2.0000000e+00
   2.0000000e+00
   5.0000000e+00
   1.7000000e+01
   2.5000000e+00
   5.0000000e+00
   2.0000000e+01
   5.0000000e+00
   1.2000000e+01
   5.0000000e+00
   3.0000000e+00
   2.0000000e+01
   1.1000000e+02
   5.0000000e+00
   1.8000000e+01
   4.0000000e+01
   3.5000000e+00
   1.7000000e+01
   2.0000000e+00
   2.0000000e+00
   8.5000000e-01
   3.0000000e+00
   1.8000000e+00
   9.5000000e+00
             NaN
   4.5000000e+00
   2.3000000e+01
   2.0000000e+01
   6.5000000e+00
   1.0000000e+01
   5.0000000e+01
   4.0000000e+01
   1.6000000e+01
   2.0000000e+00
   4.3250000e+01
   1.0000000e+00
   4.5000000e+00
   1.0000000e+01
   2.5000000e+01
   5.0000000e+00
   1.9000000e+01
   8.0000000e+00
   7.0000000e+00
   1.5000000e+00
   6.0000000e+00
   4.0000000e+00
   2.7000000e+01
   1.5000000e+00
   4.0000000e+00
   4.0000000e+00
   5.0000000e+00
   3.0000000e+00
   3.0000000e+00
   3.0000000e+00
   1.6000000e+01
   1.0000000e+01
   2.4000000e+01
   2.7000000e+00
   3.7000000e+01
   2.0000000e+00
   3.5000000e+01
   2.8000000e+01
   5.0000000e+00
   2.0000000e+00
   1.0000000e+00
   1.0000000e+00
   1.5000000e+01
   1.7000000e+01
   2.5000000e+01
   2.0000000e+01
   5.3000000e+01
   3.3000000e+01
   5.0000000e+01
   2.8000000e+01
   2.0000000e+01
   1.1000000e+01
   5.0000000e+00
   2.0000000e+01
   2.0000000e+01
   3.0000000e+00
   7.0000000e-01
   1.0000000e+00
   2.6000000e+01
   1.3000000e+00
   5.0000000e+00
   4.0000000e+00
   4.0000000e+00
   2.0000000e+01
   1.0000000e+01
   1.5000000e+01
   1.0000000e+01
   6.0000000e+00
   1.2000000e+01
   1.3000000e+01
   2.0000000e+00
   5.5000000e+00
   4.5000000e+01
   1.1000000e+00
   1.8000000e+01
   1.7000000e+00
   5.0000000e+00
   3.0000000e+00
   6.0000000e+01
   3.0000000e+01
   5.0000000e+00
   2.0000000e+01
   4.0050000e+01
   1.3000000e+01
   2.3000000e+01
   3.0000000e+01
   2.2000000e+01
   5.0000000e+00
   1.0000000e+00
   1.5000000e+00
   1.5000000e+00
   1.4000000e+01
   2.6000000e+01
   4.2000000e+00
   1.3000000e+01
   2.0000000e+00
   2.0000000e+00
   1.5000000e+00
   2.8000000e+01
   1.9850000e+02
   2.0000000e+01
   9.0000000e+00
   3.0000000e+00
   1.8500000e+02
   4.0000000e+00
   8.8750000e+01
   2.0000000e+00
   1.6120000e+01
   9.0000000e+00
   2.5000000e+00
   1.0000000e+00
   1.5000000e+00
   4.0000000e+01
   3.5000000e+01
   9.0000000e+00
   1.5000000e+01
   1.5000000e+01
   4.0000000e+00
   2.5000000e+01
   1.0000000e+00
   1.2000000e+01
   3.0000000e+01
   3.0000000e+00
   6.5000000e+01
   9.0000000e+00
   9.0000000e+00
   2.0000000e+00
   1.8000000e+01
   2.0000000e+00
   2.5000000e+01
   1.0000000e+00
   1.0000000e+01
   5.0000000e+00
   5.7000000e+01
   2.0000000e+01
   3.1000000e+01
   3.0700000e+01
   1.0000000e+02
   1.0000000e+01
   1.5300000e+01
   1.0000000e+01
   4.8000000e+01
   1.8000000e+01
   5.0000000e+00
   1.0000000e+01
   1.5000000e+01
   3.0000000e+01
   3.0000000e+01
   6.0000000e-01
   8.0000000e+00
   3.5000000e+00
   5.0000000e+00
   1.3000000e+01
   4.0000000e+00
   2.0000000e+01
   9.0000000e+00
   6.0000000e+00
   7.0000000e+00
   2.0000000e+00
   1.2000000e+01
   5.0000000e+01
   6.2500000e+01
   2.3000000e+01
   4.0000000e+00
   5.0000000e+00
   1.0000000e+01
   1.0000000e+01
   4.0000000e-01
   8.0000000e+00
   1.5000000e+01
   2.5000000e+01
   4.5000000e+00
   2.5000000e+00
   8.0000000e+00
   3.0000000e+01
   3.0000000e+00
   1.9000000e+02
   3.0000000e+00
   3.0000000e+00
   3.3000000e+01
   6.0000000e+00
   3.0000000e+00
   6.0000000e+00
   7.5000000e+00
   1.4000000e+02
   6.0000000e+00
   4.0000000e+01
   4.5000000e+01
   1.0000000e+01
   1.0000000e+00
   6.0000000e+00
   4.0000000e+00
   3.5000000e+00
   3.0000000e+01
   4.0000000e+00
   2.5000000e+01
   8.0000000e+00
   8.0000000e+00
   3.0000000e+00
   5.0000000e+00
   1.3000000e+01
   4.0000000e+01
   9.0000000e+00
   1.2000000e+01
   3.0000000e+01
   2.0000000e-01
   1.3000000e+01
   4.5700000e+01
   2.0000000e+01
   3.0000000e+00
   4.0000000e+00
   7.0000000e+00
   2.0000000e+00
   2.0000000e+00
   1.0000000e+01
   2.5000000e+01
   3.0700000e+00
   3.0000000e+00
   8.0400000e+01
   1.0000000e+01
   1.5000000e+01
   2.8000000e+01
   8.3000000e+00
   2.0000000e+00
   2.0000000e+00
   3.9000000e+00
   2.0000000e+01
   2.0000000e+00
   3.5000000e+01
   2.0000000e+00
   4.0000000e+01
   5.3000000e+00
   4.0000000e+00
   3.5000000e+01
   1.5000000e+01
   3.0000000e+01
   7.0000000e+00
   1.0550000e+01
   2.0000000e+00
   5.0000000e+01
   2.0000000e+00
   2.3000000e+01
   3.0000000e+00
   6.0000000e+01
   1.0000000e+00
   3.0000000e+00
   7.5000000e+00
   1.0000000e+01
   1.5000000e+01
   1.5000000e+01
   3.0000000e+00
   6.0000000e+01
   2.2000000e+01
   2.0000000e+01
   2.0000000e+00
   2.2000000e+01
   2.5000000e+01
   2.0000000e+00
   2.0000000e+00
   2.5000000e+01
   1.6000000e+01
   5.0000000e-01
   8.0000000e-01
   1.5000000e+00
   5.0000000e-01
   1.0000000e+01
   2.2000000e+01
   2.2000000e+02
   4.0000000e+00
   9.0000000e+00
   8.5000000e+00
   1.0000000e+01
   6.0000000e+00
   1.3000000e+01
   1.0000000e+00
   6.0000000e+00
   1.0000000e+00
   1.5000000e+01
   5.2000000e-01
   3.0000000e+00
   5.0000000e+01
   4.0000000e+00
   4.0000000e+00
   2.5000000e+00
   3.5000000e+00
   6.0000000e+01
   9.0000000e+00
   7.5000000e+00
   1.7450000e+01
   1.4000000e+01
   1.2000000e+01
   1.0000000e+01
   2.5000000e+01
   6.0000000e+00
   9.0000000e-01
   2.0000000e+00
   5.0000000e+00
   9.0000000e+00
   1.0000000e+01
   2.0000000e+01
   1.0000000e+01
   2.0010000e+01
   2.5500000e+00
   3.0000000e+00
   2.0000000e+00
   1.0000000e+00
   1.2000000e+01
   6.0000000e+01
   4.0000000e+00
   4.0000000e+00
   1.8000000e+01
   4.0000000e+00
   3.0000000e+00
   7.0000000e+00
   2.5000000e+00
   2.5000000e+00
   1.2000000e+01
   2.0000000e+00
   7.3000000e+00
   2.5000000e+01
   1.5000000e+01
   1.5000000e+01
   2.8000000e+01
   4.7000000e+01
   3.0000000e+01
   7.0000000e+00
   1.5000000e+01
             NaN
   1.0500000e+00
   7.1000000e-01
   1.8000000e+01
   6.0000000e+01
   2.0000000e+00
   2.0000000e+00
   1.0000000e+01
   5.5000000e+01
   1.0000000e+00
   4.0000000e+00
   4.0000000e+00
   4.5000000e+01
   3.5000000e+01
   4.0000000e+01
   3.0000000e+00
   1.1000000e+01
   4.0000000e+00
   3.5000000e+00
   2.0000000e+00
   4.5000000e+01
   7.0000000e+00
   3.0000000e+00
   5.0000000e-01
   2.5000000e+00
   5.0000000e+00
   4.0000000e+00
   2.0000000e+01
   5.5000000e+01
   5.0000000e-01
   3.0000000e+00
   1.0000000e+01
   9.2000000e-01
   1.2000000e+01
   2.3000000e+01
   3.3000000e+01
   2.5000000e+01
   5.0000000e+00
   1.0000000e+00
   3.0000000e+00
   5.1100000e+00
   5.1100000e+00
   3.5000000e+01
   7.0000000e+01
   1.0000000e+01
   3.0150000e+00
   8.0000000e+00
   2.5000000e+01
   4.5000000e+01
   5.0000000e+00
   3.5000000e+01
   2.2000000e+01
   2.2000000e+00
   2.0000000e+01
   1.7000000e+01
   7.0000000e+00
   1.5000000e+01
   3.0000000e+00
   1.2000000e+01
   3.0000000e+01
   1.7400000e+01
   5.1000000e+00
   9.0000000e+00
   5.5500000e+00
   7.0000000e+00
   2.0000000e+00
   1.0000000e+01
   4.0000000e+01
   1.6000000e+01
   3.0000000e+00
   6.0000000e+00
   4.0000000e+00
   3.0000000e+01
   1.7000000e+01
   3.0000000e+00
   4.0000000e+01
   8.0000000e+00
   1.0000000e+01
   1.1000000e+01
   2.5000000e+01
   1.6000000e+01
   3.0000000e+00
   1.3000000e+01
   1.0000000e-01
   4.5500000e+01
   1.1200000e+00
   4.5300000e+01
   5.0000000e+00
   1.3000000e+01
   3.0000000e+00
   2.0000000e+01
   3.5000000e+01
   3.4020000e+01
   7.0000000e-01
   1.0000000e+00
   1.6500000e+00
   1.7000000e+01
   1.1600000e+01
   2.0000000e+01
   2.8000000e+01
   3.0000000e+01
   2.5000000e+01
   2.0000000e+01
   1.0000000e+01
   1.5400000e+01
   2.5000000e+01
   5.0000000e+00
   1.0000000e+01
   1.5200000e+02
   2.5000000e+01
   1.0000000e+01
   8.5000000e+00
   2.5000000e+00
   1.3000000e+01
   2.0000000e+00
   4.0000000e+01
   2.5000000e+01
   1.2000000e+01
   7.0000000e+00
   7.0000000e+00
   2.0000000e+00
   2.9000000e+01
   2.1000000e+01
   2.0000000e+00
   2.6000000e+01
   8.0000000e+00
   2.0000000e+01
   3.0000000e+01
   2.0200000e+01
   2.0500000e+01
   5.0000000e+00
   5.0000000e+00
   8.0000000e+00
   4.0000000e+01
   1.3000000e+01
   5.0000000e+00
   5.0000000e+00
   1.4000000e+00
   1.0000000e+01
   3.5000000e+01
   4.0000000e+00
   1.8000000e+01
   5.0000000e+00
   1.4700000e+01
             NaN
   6.0000000e+00
   6.0000000e+00
   5.6000000e+01
   1.0000000e+01
   1.0000000e+00
   1.5000000e+01
   6.0000000e+00
   3.0000000e+01
   8.0000000e+00
   2.0000000e+01
   6.0000000e+01
   1.3000000e+00
   3.0000000e+00
   1.0000000e+01
   1.0000000e+01
   1.0000000e+01
   1.4000000e+01
   7.0000000e+00
   1.5000000e+01
   2.0000000e+00
   6.0000000e+00
   4.0000000e+00
   1.0000000e+01
   1.0000000e+01
   7.0000000e+00
   3.0000000e+00
   1.2000000e+01
   1.1500000e+01
   1.7300000e+01
             NaN
   4.0000000e+01
   2.6000000e+01
   1.5000000e+00
   9.0000000e+01
   3.0000000e+00
   1.0000000e+01
   2.1000000e+01
   3.7000000e+01
   1.1100000e+01
   3.3000000e+01
   2.7000000e+01
   5.0000000e+01
   5.0000000e+00
   4.0000000e+00
   2.4000000e+00
   3.0000000e+00
   1.0000000e+01
   1.2000000e+01
   3.3000000e+01
   4.0000000e+00
   1.5000000e+01
   2.0000000e+01
   3.0000000e+01
   1.3000000e+01
   2.5000000e+01
   2.6000000e+01
   2.0000000e+01
   2.5000000e+01
   8.0000000e+00
   2.0000000e+00
   1.0000000e+01
   4.5000000e+01
   1.1000000e+01
   2.5000000e+01
   3.5000000e+00
   9.0000000e+00
   5.0000000e+00
   1.1000000e+01
   1.0000000e+01
   1.3000000e+01
   7.0000000e+00
   3.0000000e+00
   1.5000000e+00
   7.0000000e+00
   2.0000000e+00
   3.0000000e+01
   7.0000000e+00
   8.0000000e+00
   1.5000000e+01
   1.3000000e+01
   6.3000000e+01
   2.4000000e+01
   2.2000000e+02
   5.0000000e+00
   1.0000000e+00
   4.0000000e-01
   8.0000000e+00
   1.2000000e+01
   1.3300000e+01
   1.2500000e+01
   4.0000000e+00
   5.0000000e+01
   1.7000000e+01
   2.5000000e+00
   2.5000000e+00
   4.0000000e+00
   4.8000000e+01
   1.5300000e+01
   2.0000000e+01
   9.0000000e+00
   1.5000000e+01
   7.0000000e+00
   5.0000000e+00
   1.3000000e+01
   8.6000000e+00
   7.0000000e+01
   2.5000000e+01
   2.0000000e+01
   3.0000000e+00
   9.1000000e+00
   2.5000000e+01
   5.0000000e+00
   6.0000000e+01
   5.0000000e+00
   3.0000000e+00
   1.1010000e+01
   3.0000000e+00
   3.0000000e+00
   3.2000000e+01
   2.0000000e+01
   9.0000000e+00
   2.0000000e+00
   2.5000000e+01
   1.5000000e+01
   2.2000000e+01
   2.0000000e+01
   1.0000000e+01
   8.0000000e+00
   5.0000000e+00
   8.0000000e+00
   2.0000000e+01
   1.8000000e+01
   1.6000000e+01
   3.0000000e+01
   1.0000000e+00
   4.0000000e+00
   1.5000000e+00
   1.0000000e+00
   1.5000000e+01
   2.5000000e+00
   6.6200000e+00
   4.5000000e+00
   2.2200000e+01
   3.0000000e+00
   3.5500000e+01
   5.0000000e+00
   3.2000000e+01
   5.0000000e+01
   1.0000000e+01
   2.0000000e+01
   3.0000000e+00
   1.6000000e+00
   2.5000000e+00
   5.0000000e-01
   7.0000000e+00
   1.0000000e+00
   2.5000000e+01
   5.0000000e+00
   1.2710000e+01
   6.1000000e+01
   5.5000000e+01
   7.5000000e+00
   1.3000000e+01
   4.7000000e+01
   8.0000000e+00
   1.0000000e+00
   3.0030000e+01
   1.0000000e+01
   8.0000000e+00
   8.0000000e+00
   1.6000000e+01
   4.0000000e+00
   7.0500000e+00
   8.0000000e+01
   4.0000000e+00
   1.6000000e+01
   3.5000000e+01
   8.0000000e+00
   4.0000000e+00
   1.5000000e+01
   5.1400000e+01
   1.7000000e+01
   1.0000000e+00
   3.0000000e+01
   4.0000000e+01
   9.0000000e+00
   5.0000000e+00
   3.0000000e+01
   1.0000000e+01
   5.0000000e+00
   1.2000000e+01
   1.2000000e+01
   1.5000000e+01
   4.0000000e+00
   1.0000000e+01
   1.7000000e+01
   1.8000000e+01
   5.0500000e+00
   7.0000000e+00
   5.0000000e+00
   1.0000000e+01
   3.4000000e+01
   4.7000000e+00
   6.0000000e+00
   3.5000000e+00
   2.0200000e+01
   6.5000000e+00
   1.8000000e+01
   2.0000000e+00
   1.0000000e+01
   5.0000000e+00
   3.0000000e+00
   4.0000000e+00
   8.0000000e+00
   1.5000000e+00
   7.0000000e+00
   2.0000000e+00
   2.0000000e+01
   1.0000000e+01
   5.5000000e+01
   3.8200000e+01
   5.0000000e+00
   6.5000000e+01
   1.3000000e+01
   1.8000000e+01
   5.0000000e+00
   3.2000000e+01
   3.0600000e+00
   3.0000000e+00
   2.0000000e+00
   3.5000000e+00
   2.0000000e+00
   3.5000000e+00
   1.5000000e+01
   3.0000000e+00
   2.6000000e+01
   5.0000000e+00
   5.0000000e+00
   1.3000000e+01
   2.7000000e+01
   3.0000000e+00
   4.0000000e+00
   7.0000000e+01
   2.5000000e+01
   1.2000000e+01
   3.0000000e+01
   1.0000000e+00
   1.0000000e+00
   1.5000000e+00
   1.2000000e+00
   1.8000000e+01
   1.2050000e+01
   8.0000000e+00
   6.5000000e+00
   3.0000000e+00
   1.5000000e+00
   9.0000000e+00
   1.6000000e+01
   2.0000000e+00
   4.0000000e+00
   2.0500000e+00
   1.0000000e+01
   3.0000000e+01
   3.0000000e+00
   2.0000000e+01
   4.0000000e+01
   2.0200000e+01
   6.0000000e+00
   2.5050000e+01
   3.0000000e+01
   1.5000000e+01
   5.0000000e+01
   2.5000000e+00
   3.0000000e+00
             NaN
   1.1000000e+00
   9.0000000e-01
   2.0000000e+00
   2.3000000e+01
   4.0000000e+00
   2.6250000e+00
   1.6000000e+01
   1.5000000e+00
   4.4000000e+00
   8.0000000e+01
   3.3000000e+00
   3.5100000e+00
   6.2000000e+00
   4.0000000e+00
   1.6000000e+01
   3.0000000e+00
   7.0000000e+00
   2.5000000e+00
   2.0600000e+00
   3.5000000e+01
   1.8000000e+01
   2.0000000e+00
   3.0000000e+00
   4.0000000e+00
   5.0000000e+00
   5.5000000e+00
   1.8000000e+01
   2.0500000e+00
   2.7070000e+01
   2.5000000e+01
   4.0000000e+01
   1.0000000e+01
   1.5000000e+01
   1.3000000e+01
   4.0110000e+01
   3.0500000e+00
   1.3000000e+01
   1.5000000e+01
   5.2000000e+00
   2.5000000e+00
   2.5000000e+00
   1.5000000e+01
   2.0000000e+00
   2.2000000e+00
   7.0000000e+00
   2.0000000e+01
   2.0000000e+01
   5.0000000e+01
   1.0000000e+01
   1.6110000e+01
   6.0000000e+00
   1.0100000e+01
   1.1000000e+01
   3.0000000e+00
   1.5000000e+01
   1.1000000e+01
   5.0000000e+00
   1.0000000e+01
   6.0000000e+01
   4.5000000e+00
   1.7000000e+01
   1.0000000e+00
   8.0000000e+00
   9.0000000e+00
   2.5000000e+01
   2.6000000e+01
   1.0000000e+00
   2.5006000e+01
   1.5000000e+01
   2.0000000e+00
   8.0000000e+01
   6.0000000e+00
   1.0000000e+01
   5.0000000e+00
   3.0000000e+00
   2.0000000e+00
   4.0000000e+00
   1.5000000e+01
   2.0000000e+00
   2.5000000e+01
   2.5000000e+01
   1.3000000e+01
   4.0000000e+00
   1.5000000e+01
   1.5000000e+01
   7.0000000e+00
   1.4000000e+01
   1.5000000e+01
   5.0000000e+01
   6.0000000e+01
   2.0000000e+00
   2.0000000e+00
   6.5000000e+01
   3.2000000e+01
   1.0200000e+00
   7.7000000e+00
   2.2100000e+00
   1.0200000e+01
   5.2000000e-01
   5.2000000e-01
   2.6000000e+01
   5.0400000e+00
   6.5000000e+00
   1.5000000e+00
   1.0000000e+00
   5.0000000e-01
   5.5000000e+00
   2.0000000e+00
   3.0000000e+00
   2.5250000e+00
   4.0000000e+01
   6.0000000e+00
   2.0000000e+00
   2.0000000e+00
   2.0000000e+01
   1.8000000e+01
   4.0000000e+00
   9.0000000e+00
   6.5000000e+00
   2.0000000e+01
   9.0000000e+00
   8.0000000e+00
   1.8000000e+01
   1.0100000e+01
   3.1250000e+00
   3.0000000e+00
   3.0000000e+00
   2.0050000e+01
   3.0000000e+01
   1.0000000e+00
   5.0000000e+00
   4.0000000e+01
   8.0000000e-01
   4.0000000e+00
   1.7000000e+01
   3.0000000e+01
   7.0000000e+01
   4.0000000e-01
   1.8000000e+01
   7.0000000e+01
   3.5000000e+00
   6.0000000e+00
   5.0200000e+00
   7.5000000e+00
   2.5000000e+00
   2.5000000e+00
   5.0000000e+01
   2.0000000e+01
   2.0000000e+01
   2.8000000e+01
   3.0000000e+00
   2.0000000e+00
   9.0000000e+00
   4.0000000e+01
   6.0000000e+00
   1.1000000e+01
   5.0000000e+00
   1.0000000e+01
   1.2000000e+01
   4.5000000e+01
   1.8000000e+01
   3.0000000e+00
   3.0000000e+00
   4.0000000e+00
   1.2000000e+01
   2.0000000e+01
   1.3000000e+01
   2.0000000e+00
   2.5100000e+00
   2.5100000e+00
   4.2000000e+01
   2.0000000e+01
   2.5400000e+01
   1.0000000e+01
   5.0000000e+00
   5.0000000e+00
   3.5000000e+01
   7.0000000e+00
   4.0000000e+00
   2.5000000e+01
   2.0600000e+01
   2.3000000e+02
   2.6000000e+00
   9.5400000e-01
   5.0000000e+00
   1.9000000e+01
   3.0000000e+00
   1.2000000e+01
   2.5000000e+01
   2.5000000e+01
   1.8300000e+01
   3.1000000e+00
   3.0000000e+00
   4.0000000e+00
   2.0200000e+00
   5.3400000e+01
   3.0000000e+01
   1.0000000e+01
   3.0900000e+00
   4.0000000e+00
   2.3000000e+02
   1.8000000e+01
   4.5000000e+00
   1.5000000e+01
   1.5000000e+01
   3.0000000e+00
   1.5000000e+00
   5.0000000e+00
   4.0000000e+00
   2.0000000e+00
   5.0000000e+01
   1.5000000e+01
   9.0000000e+00
   1.4500000e+01
   2.0000000e+01
   7.0000000e+00
   5.0000000e+00
   1.2000000e+01
   1.2000000e+01
   2.0000000e+01
   4.0000000e+00
   9.7000000e+00
   3.2000000e+00
   1.7000000e+00
   4.0000000e+00
   5.0000000e+01
   6.0000000e+00
   2.5000000e+00
   3.5000000e+01
   6.0000000e+00
   4.7000000e+01
   1.5000000e+01
   1.5000000e+01
   1.0000000e+01
   2.5000000e+00
   2.4000000e+01
   1.5000000e+00
   3.0000000e+00
   1.1550000e+01
   8.0000000e+00
   2.0000000e+00
   5.0000000e+01
   1.0000000e+00
   2.7000000e+01
   3.0000000e+01
   5.0000000e+00
   9.0000000e+00
   3.0000000e+00
   2.5000000e+00
   1.5000000e+00
   2.5050000e+01
   2.0000000e-01
   3.5000000e+01
   2.6500000e+00
   2.5000000e+01
   1.6000000e+01
   3.9000000e+01
   3.0000000e+00
   1.5000000e+01
   1.3000000e+01
   3.0000000e+00
   3.7000000e+01
   9.0000000e+01
   1.4200000e+00
   2.2000000e+01
   2.1100000e+00
   1.1020000e+01
   2.5000000e+00
   2.0000000e+01
   5.0020000e+01
   3.0000000e+00
   1.4000000e+01
   6.0000000e+00
   5.0000000e+00
   1.0020000e+01
   1.0000000e+01
   3.0000000e-01
   2.0000000e+01
   2.5050000e+01
   2.0000000e+01
   2.5000000e+00
   3.0000000e+00
   2.5000000e+01
   7.0000000e+00
   1.7000000e+01
   1.1000000e+01
   3.0200000e+00
   1.0000000e+00
   1.0000000e+00
   7.0000000e+00
   6.0000000e+00
   2.0000000e+00
   3.2060000e+01
   5.8000000e+00
   5.0000000e+00
   5.0000000e+00
   9.0000000e+00
   1.4020000e+01
   3.0000000e+01
   6.0000000e+00
   3.0000000e+00
   4.0000000e+00
   2.2000000e+01
   3.0000000e+00
   1.5000000e+01
   5.6000000e+01
   4.0550000e+00
   2.0000000e+01
   4.0000000e-01
   1.0000000e+01
   1.0000000e+00
   1.5000000e+00
   1.0000000e+00
   3.5000000e+00
   3.5000000e+01
   2.8000000e+01
   8.0000000e+00
   5.0000000e+00
   1.5000000e+01
   2.0000000e+01
   3.0000000e+01
   4.0000000e+01
   4.7600000e+01
   2.1000000e+00
   8.0000000e+01
   4.0000000e+00
             NaN
   4.0300000e+00
   3.2000000e+01
   5.0000000e+00
   9.3000000e+00
   1.5000000e+01
   6.2300000e+01
   7.4000000e+00
   4.0000000e+00
   9.0000000e+00
   3.0150000e+01
   2.4300000e+00
   2.0000000e+01
   5.0000000e+01
   1.1000000e+01
   1.0000000e+00
   5.0000000e+00
   3.5000000e+01
   3.0000000e+01
   2.0000000e+00
   1.3000000e+01
   3.0000000e+00
   3.1000000e+01
   2.0000000e+01
   1.5000000e+00
   1.8000000e+00
   7.0000000e+00
   5.0000000e-01
   8.0000000e-01
   2.8000000e+02
   1.0000000e+01
   1.2000000e+01
   1.2000000e+01
   2.0000000e+01
   1.5000000e+00
   4.0000000e+01
   1.2000000e+01
   5.0000000e+00
   1.0000000e+00
   2.0000000e+01
   3.0000000e+00
   6.0000000e+01
   4.6000000e+01
   2.0000000e+01
   3.5000000e+00
   2.5000000e+00
   8.5000000e+00
   5.0000000e+00
   2.0000000e-01
   2.2000000e+01
   2.0000000e+00
   7.0000000e+00
   1.5000000e+01
   7.0000000e+00
   2.0000000e+00
   1.9000000e+01
   3.8000000e+01
   2.7000000e+01
   2.2000000e+01
   1.0000000e+01
   1.7000000e+01
   3.0000000e+00
   3.0000000e+00
   8.0000000e+00
   3.0000000e+00
   1.7000000e+01
   2.0000000e+00
   1.0000000e+01
   3.9000000e+01
   1.7020000e+01
   2.5000000e+00
   6.0000000e+01
   2.5000000e+00
   7.0300000e+01
   2.1000000e+01
   8.0200000e+00
   2.3000000e+01
   1.7000000e+00
   2.0000000e+01
   3.0000000e+01
   8.0000000e+00
   9.5000000e+01
   5.0000000e+00
   5.0000000e+00
   8.5000000e+00
   1.0000000e+01
   1.5000000e+01
   4.0000000e+02
   3.0000000e+00
   3.0000000e+00
   4.0000000e+00
   1.5220000e+01
   1.5220000e+01
   1.5000000e+01
   3.1000000e+00
   8.0000000e+01
   1.5000000e+01
   3.0000000e+00
   1.5000000e+00
   2.0000000e+00
   5.0000000e+01
             NaN
   2.5200000e+00
   3.5000000e+00
   1.0000000e+00
   2.2000000e+00
   8.0000000e+00
   6.5000000e+01
   1.8000000e+01
   1.0000000e+00
   7.0000000e+00
   2.0000000e+00
   6.0000000e+00
   1.5000000e+01
   4.0000000e+00
   1.8000000e+01
   5.7000000e+01
   3.3000000e+01
   1.0000000e+01
   3.0000000e+00
   9.0000000e+01
   7.2000000e+01
   7.0150000e+00
   1.2000000e+01
   3.0500000e+00
   4.0000000e+00
   4.0000000e+00
   1.5000000e+01
   2.7070000e+01
   3.0000000e+01
   2.5000000e+01
   3.8000000e+01
   5.0000000e+00
   5.0000000e+00
   2.8000000e+01
   3.5000000e+01
   9.0000000e+00
   6.0000000e+00
   6.5000000e+01
   5.0000000e+00
   2.2000000e+01
   7.0000000e+00
   1.0000000e+01
   5.0000000e+01
   5.0000000e+00
   3.0000000e+00
   3.0000000e+00
   3.0000000e+00
   5.0000000e+00
   5.0200000e+00
   4.0000000e+01
   1.1000000e+01
   3.0000000e+00
   7.0000000e+00
   8.0200000e+00
   4.0000000e+01
   2.2000000e+01
   1.4000000e+01
   4.0000000e+01
   1.5000000e+00
   1.2000000e+01
   1.0000000e+01
   1.5300000e+00
   9.0000000e+00
   4.0000000e+00
   4.0000000e+01
   9.1500000e+00
   2.3000000e+01
   6.0000000e+00
   4.8000000e+01
   7.0000000e-01
   1.5000000e+01
   2.5000000e+00
   1.8700000e+01
   1.5000000e+02
   1.5000000e+01
   7.0000000e+00
   4.0000000e+01
   8.7000000e+00
   1.2000000e+01
   6.5000000e+00
   2.0000000e+00
   8.0000000e+00
   3.0000000e+00
   8.0000000e+00
   4.1000000e+00
   5.5000000e+00
   1.0000000e+01
   4.0000000e+00
   1.5000000e+01
   2.8000000e+01
   3.0000000e+00
   5.0000000e+01
   4.0020000e+01
   1.0000000e+00
   4.0000000e+01
   5.0000000e-01
   3.0000000e+00
   7.0000000e+00
   4.0000000e+00
   2.5000000e+00
   1.5000000e+01
   1.1000000e+02
   4.2000000e+00
   2.0000000e+01
   2.7000000e+01
   1.0000000e+01
   5.0200000e+00
   1.7000000e+01
   9.0000000e+00
   2.1000000e+01
   1.5000000e+01
   1.5000000e+01
   5.5000000e+01
   2.2000000e+01
   1.2000000e+01
   9.0000000e+00
   3.0000000e+00
   9.0000000e+00
   6.0000000e+00
   2.3000000e+01
   2.0000000e+00
   9.0000000e+00
   1.5000000e+01
   5.0000000e+00
   3.5000000e+01
   3.2200000e+01
   7.0000000e+00
   1.0000000e+01
   6.0000000e+00
   1.2000000e+01
   1.5000000e+01
   9.0000000e+01
   5.0000000e-01
   1.0000000e+01
   4.0300000e+00
   1.9000000e+01
   5.0000000e+00
   1.4000000e+01
   7.0000000e+00
   6.0000000e+00
   5.5000000e+00
   1.2000000e+01
   6.0000000e+00
   1.0000000e+01
   4.0000000e+00
   5.0000000e+01
   3.5000000e+01
   9.0000000e+00
   1.5000000e+01
   5.0000000e+00
   1.4000000e+01
   5.0000000e+00
   3.0000000e+00
   7.0000000e+00
   3.0000000e+00
   2.0000000e+01
   5.0000000e+00
   2.0000000e+00
   2.0000000e+00
   1.2000000e+01
   2.5000000e+01
   2.5000000e+01
   2.0000000e+00
   2.0000000e+01
   2.0000000e+00
   1.5000000e+01
   3.0000000e+01
   5.0000000e+00
   4.0000000e+00
   5.0000000e-01
   2.0000000e+00
   1.0000000e+01
   3.5000000e+00
   3.0000000e+00
   1.3000000e+01
   1.6300000e+01
   6.0000000e+00
   7.0200000e+00
   7.5000000e+00
   5.0000000e+00
   7.5020000e+01
   1.5000000e+01
   3.7000000e+01
   1.5000000e+01
   5.0000000e-01
   5.0000000e+00
   1.5000000e+01
             NaN
   5.0000000e+00
   6.6500000e+00
   2.0025000e+01
   1.9000000e+01
   1.3000000e+01
   4.0000000e+00
   1.4020000e+01
   1.0000000e+00
   1.5000000e+00
   4.0030000e+00
   4.0030000e+00
   2.2000000e+01
   4.0000000e+01
   4.6000000e+00
   3.0000000e+00
   2.0000000e+00
   1.0000000e+01
   5.5000000e+01
   2.0000000e+01
   5.0000000e+00
   8.0000000e-01
   1.0000000e+01
   6.0000000e+00
   1.0000000e+01
   3.0000000e+00
   2.0000000e+01
   1.6000000e+01
   2.9000000e+01
   7.0000000e+00
   3.5000000e+01
   2.0000000e+00
   2.0000000e+01
   1.0100000e+01
   3.0000000e+00
   6.0000000e+00
   1.0000000e+01
   2.5000000e+01
   2.0000000e+01
   1.0500000e+02
   5.0000000e+00
   5.5000000e+00
   3.0000000e+01
   1.3000000e+02
   1.5020000e+01
   5.5000000e+00
   1.5000000e+01
   3.5000000e+00
   1.2000000e+01
   6.0000000e+00
   7.0000000e+00
   3.5000000e+01
   1.3210000e+01
   2.0000000e+01
   1.0000000e+01
   3.0000000e+01
   5.0000000e+00
   1.0000000e+00
   4.0000000e+00
   3.0000000e+01
   1.0050000e+01
   1.2000000e+01
   1.2000000e+01
   4.0000000e+00
   3.5000000e+01
   8.5000000e+00
   4.2000000e+01
   2.3000000e+01
   2.0000000e+01
   9.0000000e+00
   6.0200000e+00
   2.0000000e+01
   2.0000000e+00
   4.0000000e+01
   1.5000000e+00
   8.2000000e+00
   1.8000000e+01
   1.8000000e+01
   2.0000000e+01
   2.5000000e+01
   9.0000000e+00
   2.4200000e+01
   4.0000000e+01
   6.0000000e+01
   2.0000000e+01
   1.0000000e+01
   3.5000000e+01
   2.5000000e+01
   3.0000000e+01
   1.0030000e+01
   1.3000000e+01
   1.0000000e+01
   3.0000000e+01
   3.0000000e+00
   9.0200000e+00
   2.0000000e+00
   2.0000000e+00
   4.0000000e+01
   3.0000000e+01
   1.6050000e+01
   9.0050000e+01
   2.5000000e+00
   5.0000000e+00
   2.7000000e+01
   4.5000000e+00
   4.0000000e+01
   2.2000000e+01
   1.7200000e+00
   3.0000000e+00
   1.0000000e+00
   2.0200000e+00
   2.2500000e+00
   2.5000000e+00
   2.0000000e+00
   2.5000000e+00
   9.0300000e+00
   4.2000000e+01
   1.8000000e+01
   2.5000000e+01
   1.0000000e+01
   3.0000000e+01
   3.0000000e+01
   1.1000000e+00
   8.0500000e+00
   8.0500000e+00
   5.5000000e+00
   3.5000000e+00
   1.2000000e+01
   1.6000000e+01
   3.0000000e+01
   4.5000000e+00
   4.5000000e+00
   2.0000000e+01
   2.5000000e+00
   4.0000000e+00
   5.0000000e+00
   3.0000000e+00
   3.5000000e+00
   7.0130000e+01
   4.0000000e+00
   1.0000000e+01
   2.6000000e+01
   1.3000000e+01
   7.0000000e+00
   2.9000000e+01
   1.0000000e+01
   7.5000000e+00
   5.5000000e+00
   1.0000000e+01
   3.0000000e+00
   3.5000000e+01
   4.0000000e+01
   4.0000000e+00
   2.5510000e+01
   3.0000000e+01
   2.0000000e+00
   7.0200000e+00
   2.6000000e+00
   1.5000000e+00
   4.9000000e+01
   2.5000000e+01
   3.0000000e+00
   2.5000000e+00
   2.5000000e+00
   4.0200000e+01
   1.9060000e+01
   2.5000000e+01
   3.0000000e+01
   2.0000000e+01
   1.0000000e+01
   3.0000000e+00
   2.0000000e+01
   6.5000000e+00
   1.6000000e+01
   2.0000000e+00
   2.0000000e+00
   2.5000000e+01
   3.0020000e+01
   4.5000000e+01
   3.6000000e+01
   3.5000000e+01
   6.5000000e+00
   1.4000000e+01
   2.0000000e+00
   1.0200000e+00
             NaN
   6.0000000e+01
   8.0000000e+00
   3.0000000e+01
   4.4000000e+01
   4.5000000e+00
   1.7500000e+01
   2.5000000e+00
   2.0000000e+00
   2.0000000e+00
   4.2020000e+01
   2.0110000e+01
   6.0000000e+00
   1.5000000e+01
   5.0000000e+01
   2.5000000e+00
   3.0200000e+00
   7.0000000e+00
   7.0000000e+00
   1.3200000e+01
   1.5000000e+01
   3.5000000e+00
   1.5200000e+00
   1.5200000e+00
   1.5200000e+00
   1.5600000e+00
   1.5600000e+00
   7.0000000e+00
   2.5020000e+01
   2.0000000e+00
   2.1000000e+00
   3.5000000e+01
   7.0000000e+00
   1.9000000e+01
   3.0000000e+00
   1.0000000e+01
   1.2000000e+01
   1.7000000e+01
   2.3000000e+01
   8.0000000e+00
   3.0000000e+01
   8.0000000e+00
   3.0000000e+00
   3.0000000e+01
   1.5000000e+01
   6.5000000e+01
   3.0000000e+00
   1.0000000e+00
   5.0000000e+00
   7.0000000e+00
   3.5000000e+01
   4.1200000e+00
   3.0000000e+01
   1.4000000e+01
   3.0000000e+00
   1.0200000e+00
   2.8000000e+01
   1.5000000e+02
   3.0000000e+01
   1.3000000e+01
   3.0000000e+01
   2.6000000e+01
   1.0000000e+01
   2.5000000e+01
   6.3000000e+01
   3.5000000e+00
   5.0100000e+00
   8.5000000e+01
   1.2500000e+01
             NaN
   3.4050000e+01
   2.0100000e+00
   5.0000000e+00
   4.0000000e+00
   1.6500000e+01
   1.0000000e+00
   2.0000000e+01
   1.0000000e+00
   1.1000000e+01
   6.5000000e+00
   2.1000000e+01
   8.8000000e+00
   2.5000000e+01
   3.0000000e+01
   4.5000000e+01
   5.0000000e+00
   8.9000000e+01
   1.0000000e+01
   6.0000000e+00
   6.0350000e+01
   4.0000000e+01
   2.5000000e+01
   1.2000000e+01
   9.8000000e+01
   4.4000000e+01
   4.0000000e-01
   1.0000000e+01
   3.0000000e+00
   2.0000000e+01
   2.3000000e+02
   1.0000000e+00
   6.0000000e+00
   2.5000000e+00
   1.5000000e+01
   1.5000000e+00
   1.5000000e+01
   5.7000000e+01
   1.0000000e+01
   1.0000000e+01
   8.0000000e+01
   3.0000000e+00
   4.2000000e-01
   3.4000000e+00
   1.0200000e+00
   1.5000000e+01
   4.5000000e+00
   4.5000000e+01
   2.3000000e+01
   1.7500000e+01
   5.2000000e+00
   8.7000000e+00
   7.0400000e+00
   4.3000000e+01
   5.0000000e+00
   1.5000000e+01
   1.0000000e+01
   5.0000000e+01
   1.8000000e+01
   4.0230000e+00
   5.7000000e+00
   2.0000000e+00
   3.0200000e+00
   2.0000000e+00
   1.5000000e+01
   7.0000000e+00
   7.6700000e+01
   4.0000000e+00
   8.0000000e+00
   1.0050000e+01
   1.0000000e+00
   4.5000000e+01
   5.0000000e+00
   1.0000000e+01
   5.0000000e+00
   2.0000000e+01
   1.1000000e+01
   7.0000000e+00
   6.0000000e+00
   3.0000000e+00
   4.5000000e+01
   1.3000000e+01
   3.0000000e+00
   5.0000000e+00
   5.0000000e+00
   1.0000000e+01
   4.5000000e+00
   4.2500000e+01
   2.0000000e+00
   3.5000000e+01
   6.0000000e+01
   2.0200000e+00
   3.0150000e+00
   7.5000000e+00
   1.5000000e+01
   4.5000000e+01
   5.0000000e-01
   3.2000000e+01
   8.0000000e+00
   8.0000000e+01
   5.0000000e+01
   5.0000000e+00
   1.6000000e+01
   3.8000000e+01
   3.4000000e+01
   8.0000000e-01
   4.0000000e+01
   8.0000000e+01
   6.0000000e+00
   6.0000000e+00
   3.0000000e+00
   3.0000000e+00
   4.5000000e+00
   9.0000000e+01
   3.0000000e-01
   1.3000000e+01
   1.5000000e+01
   3.0000000e+01
   5.0000000e+00
   2.5000000e+01
   2.0000000e+01
   3.0000000e+01
   5.0000000e+00
   8.0000000e+00
   4.6000000e+01
   2.5000000e+00
   6.0000000e+00
   5.0000000e+01
   1.6000000e+00
   2.5000000e+00
   1.5000000e+01
   1.5000000e+00
   8.0000000e+00
   2.3000000e+01
   2.0000000e+00
   2.0000000e+00
   2.5000000e+00
   3.0000000e+01
   2.0000000e+00
   2.0000000e+00
   4.5000000e+00
   7.7000000e+00
   3.5000000e+00
   2.0000000e+01
   3.8000000e+01
   8.0000000e+00
   8.0000000e+00
   2.0000000e+01
   8.0000000e+01
   1.0000000e+01
   4.0000000e+00
   2.0000000e+01
   1.0000000e+01
   7.0000000e+00
   3.1000000e+01
   5.0000000e+01
   8.0000000e+00
   3.7000000e+01
   1.5000000e+01
   1.5200000e+01
   5.0000000e+01
   1.0000000e+01
   1.7000000e+01
   3.0200000e+00
   6.1000000e-01
   5.0000000e+02
   7.0000000e+00
   3.2000000e+01
   3.0000000e+00
   2.0000000e+00
   1.2000000e+01
   5.0000000e+00
   2.0000000e+00
   3.0000000e+00
   2.0000000e+01
   1.5000000e+01
   2.5000000e+00
   4.0000000e+01
   9.0000000e+00
   2.0000000e+01
   7.5000000e+00
   2.0000000e+00
   2.0000000e+00
   2.7000000e+01
   7.5000000e+00
   2.5000000e+00
   7.0000000e+00
   1.0000000e+01
   1.0000000e+00
   6.0000000e+00
   6.2000000e+01
   1.6000000e+01
   5.0000000e+00
   5.0000000e+00
   3.3000000e+00
   2.7200000e+01
   1.3000000e+01
   3.0000000e+01
   3.2000000e-01
   1.0000000e+01
   6.0000000e+00
   2.5000000e+00
   2.0000000e+00
   3.2000000e+01
   2.7200000e+01
   1.0000000e+01
   4.2000000e+00
   5.0000000e+00
   7.0000000e+00
   1.8000000e+01
   2.5000000e+01
   3.0000000e+00
   4.0000000e+00
   2.5000000e+01
   5.3000000e+00
   2.5000000e+00
   2.0100000e+00
   2.0020000e+01
   4.0000000e+00
   4.0000000e+00
   2.5000000e+00
   6.5000000e-01
   4.0120000e+00
   4.0000000e+00
   2.0000000e+01
   5.0000000e+00
   4.0000000e+00
   3.0000000e+00
   4.0000000e+01
   4.5000000e+01
   2.1000000e+01
   2.0000000e+01
   1.0000000e+00
   1.8000000e+01
   4.0000000e+00
   1.0300000e+01
   1.2000000e+01
   1.2000000e+01
             NaN
   1.0000000e+00
   1.0000000e+00
   1.0000000e+00
   7.7000000e+01
   6.0000000e+00
   4.0000000e+00
   4.0000000e+00
   1.8000000e+01
   2.5000000e+01
   1.0000000e+01
   7.0000000e+00
   1.7000000e+01
   1.0000000e+00
   4.0000000e+00
   1.7000000e+01
   1.0200000e+00
   2.0000000e+01
   1.0000000e+00
   6.0000000e+00
   2.8000000e+01
   1.2000000e+01
   2.0000000e-01
   2.9000000e+01
             NaN
   8.5000000e+01
   3.1000000e+01
   3.2000000e+01
   5.0000000e+00
   5.0000000e+00
   7.0000000e+00
   5.0000000e+00
   5.2000000e+01
   1.3200000e+01
   2.5000000e+00
   5.0000000e+00
   4.0000000e+00
   4.4000000e+00
   3.0000000e+01
   2.0000000e+00
   5.0000000e+00
   2.5000000e+01
   1.0000000e+01
   5.0000000e+00
   3.0000000e+01
   2.0000000e+01
   2.5000000e+01
   7.6000000e+00
   1.2000000e+01
   2.3000000e+01
   1.3000000e+02
   1.5000000e+02
   4.6000000e+01
   2.0130000e+00
   7.5000000e+01
   3.5000000e+01
   2.5000000e+01
   7.0000000e+00
   2.6000000e+01
   5.0000000e+00
   2.0005000e+01
   2.1000000e+01
   2.0000000e+00
   5.0000000e-01
   2.4200000e+01
   8.6000000e+00
   3.2000000e+01
   1.5000000e+01
   5.0000000e+00
   3.6500000e+01
   1.5000000e+00
   1.5000000e+00
   1.3000000e+01
   3.0000000e-01
   6.5000000e+01
   6.0000000e+00
   5.0000000e-01
   2.5000000e+01
   4.0000000e+00
   3.0000000e+01
   4.0000000e+01
   1.4000000e+01
   8.0500000e+00
   5.0000000e+00
   2.0000000e+00
   1.5000000e+00
   3.2000000e+01
   9.0000000e+00
   5.5000000e+01
   1.8000000e+00
   1.0000000e+01
   3.7000000e+01
   1.5000000e+01
   2.0550000e+00
   2.0550000e+00
   4.0000000e+00
   2.0000000e+01
   8.0000000e+00
   3.5000000e+01
   2.2000000e+00
   7.0000000e-01
   1.4000000e+01
   2.0000000e+01
   2.2000000e+01
   5.0150000e+00
   1.9000000e+01
   7.5000000e+00
   2.0000000e+00
   1.7000000e+01
   3.5000000e+00
   1.0000000e+00
   1.5000000e+01
   1.0010000e+01
   4.0000000e+01
   1.6000000e+01
   4.0000000e+00
   4.5000000e+01
   6.0000000e+00
   1.5000000e+01
   2.5000000e+01
   3.0200000e+00
   8.3000000e+00
   2.0000000e+00
   2.1000000e+01
   1.7000000e+01
   1.1200000e+00
   1.1000000e+00
   1.5000000e+00
   3.0000000e+00
   6.2000000e-01
   5.0000000e+00
   2.5000000e+01
   3.0000000e+00
   2.3000000e+01
   2.0015000e+01
   2.2000000e+01
   5.0000000e+00
   4.6000000e+01
   3.0000000e+00
   2.3000000e+01
   2.5000000e+01
   4.0000000e+00
   4.0000000e+00
   2.0000000e+00
   5.5000000e+00
   3.0000000e+01
   6.0000000e+00
   5.0000000e+00
   1.6000000e+00
   4.5000000e+00
   1.2000000e+01
   1.3000000e+01
             NaN
   2.2000000e+01
   1.0000000e+01
   4.0000000e+00
   4.0000000e+01
   3.1000000e+00
   2.0000000e+01
   1.5000000e+01
   5.0000000e+00
   2.0000000e+00
   6.0000000e+01
   2.8000000e+01
   2.0000000e+00
   6.1000000e+00
   1.0000000e+00
   3.5000000e+01
   2.5000000e+01
   1.5000000e+01
   2.0000000e+00
   6.0300000e+00
   1.8015000e+01
   3.0700000e+01
   4.0000000e+00
   4.0000000e+00
   2.0200000e+00
   3.0000000e+00
   3.0000000e+00
   3.0000000e+00
   3.0150000e+00
   9.0000000e+00
   1.5000000e+01
   1.5000000e+01
   2.0000000e+01
   2.0000000e+00
   3.0000000e+00
   2.0000000e+01
   4.0020000e+01
   3.5000000e+00
   1.8000000e+01
   1.2000000e+00
   2.0000000e+00
   1.5000000e+00
   1.2000000e+01
   4.5000000e+00
   2.4000000e+01
   7.0000000e+00
   3.6000000e+01
   5.0000000e+00
   5.0000000e+00
   9.0000000e-01
   5.5000000e+00
   1.5010000e+01
   7.0000000e+01
   1.7500000e+00
   2.0000000e+00
   1.0000000e+01
   4.3000000e+01
   3.0018000e+02
   5.0000000e+00
   2.3000000e+01
   8.0000000e+00
   1.5000000e+01
   1.5000000e+02
   1.0000000e+00
   4.0000000e+00
   5.0000000e+01
   9.0000000e+00
   1.0000000e+01
   1.0000000e+01
   8.0000000e+00
   1.8000000e+01
   1.7000000e+01
   4.5000000e+00
   3.0000000e+00
   5.0000000e+00
   6.5000000e+00
   8.0000000e+00
   7.0000000e-01
   1.0000000e+01
   6.0000000e+00
   3.5000000e+01
   6.0000000e+00
   4.0000000e+00
   3.5000000e+01
   5.0150000e+00
   5.0150000e+00
   5.0000000e+00
   4.0000000e-01
   6.4100000e+00
   1.0000000e+00
   1.5000000e+01
   3.0000000e+01
   5.2000000e+00
   1.0200000e+00
   2.0000000e+01
   1.2050000e+01
   3.2500000e+00
   2.0000000e+01
   5.5000000e+00
   4.5000000e+01
   3.0200000e+00
   5.0000000e+01
   7.0100000e+00
   5.0200000e+00
   1.6000000e+01
   1.4040000e+01
   2.0200000e+00
   1.5000000e+00
   2.5100000e+01
   2.0520000e+01
   6.1000000e+00
   1.1000000e+01
   1.4500000e+01
   1.1000000e+01
   1.8100000e+01
   5.3110000e+01
   1.0000000e+00
   7.0000000e-01
   9.0000000e+00
   7.0000000e+00
   4.0000000e+01
   2.0200000e+00
   2.0200000e+00
   3.0000000e+00
   2.0000000e+00
   8.0000000e+00
   1.5000000e+01
   3.6000000e+01
   8.0000000e+00
   3.5000000e+01
   3.1100000e+00
   1.8000000e+01
   3.0000000e+00
   1.1975000e+01
   8.8000000e+01
   2.0000000e+00
   1.4010000e+02
   9.0000000e+00
   5.0000000e+00
   3.2000000e+01
   3.0000000e+00
   5.0000000e+01
   5.0000000e+00
   1.7015000e+01
   7.5000000e+01
   2.0000000e+00
   1.8000000e+01
   6.1100000e+00
   3.1000000e+00
   2.0000000e+00
   1.7020000e+01
   1.1100000e+01
   3.7100000e+00
   7.0500000e+00
             NaN
   1.0100000e+00
   2.2110000e+01
   7.0000000e+00
   7.5000000e+01
   2.7000000e+01
   4.0000000e+00
   4.0000000e+00
   5.0000000e+00
   6.2000000e+01
   2.0000000e+01
   4.0000000e+01
   3.0000000e+00
   1.4000000e+01
   6.0000000e+00
   8.0000000e+00
   3.0000000e+00
   7.0000000e-01
   2.5000000e+00
   2.0100000e+00
   2.0000000e+00
   1.8000000e+01
   1.5200000e+00
   5.0000000e+00
   4.0000000e+01
   1.5020000e+01
   1.5000000e+01
   6.0000000e+01
   1.2800000e+01
   5.0000000e-01
   5.9000000e+00
   5.0000000e+00
   1.6110000e+01
   1.5200000e+01
   2.0000000e+00
   4.0000000e+00
   1.6000000e+01
   7.0000000e+00
   2.0000000e+01
   4.0000000e+00
   4.5000000e+00
   8.0000000e+00
   3.0000000e+00
   1.5000000e+00
   2.5100000e+01
   5.0000000e+00
   2.0000000e+01
   8.0000000e+01
   6.2000000e+00
   1.2000000e+02
   1.6000000e+01
   5.0000000e+00
   1.0000000e+01
   1.1000000e+01
   2.4000000e+01
   1.0000000e+01
   4.0000000e+00
   2.8000000e+01
   3.0000000e+01
   2.0000000e+01
   3.0000000e+01
   8.0000000e+00
   3.5000000e+01
   1.2000000e+01
   1.2000000e+01
   1.5000000e+01
   2.5000000e+01
   6.0000000e+00
   3.0000000e+00
   3.0200000e+00
   3.0000000e+01
   2.5000000e+01
   4.0000000e+01
   2.5000000e+01
   2.0150000e+00
   1.0025000e+01
   1.5000000e+01
   1.8000000e+01
   1.0000000e+01
   4.0000000e+00
   8.0000000e+00
   4.0000000e+00
   2.0000000e+00
   5.0000000e+00
   5.0000000e+00
   6.2000000e+00
   1.0700000e+01
   3.5025000e+01
   2.0000000e+01
   4.0000000e+00
   4.1000000e+01
   3.7000000e+01
   1.0000000e+01
   1.5000000e+00
   5.5000000e+01
   2.5000000e+01
   2.0000000e+00
   1.6000000e+01
   1.6000000e+01
   1.4000000e+01
   3.0000000e+01
   2.0000000e+01
   4.2000000e+00
   4.2000000e+00
   1.7000000e+01
   2.1020000e+01
   1.6075000e+01
   4.0400000e+01
   2.0000000e+00
   2.5000000e+01
   6.5000000e+00
   4.7500000e+00
   5.0000000e+00
   2.0000000e+01
   1.9000000e+01
   4.1000000e+01
   1.0000000e+01
   4.0200000e+01
   3.0000000e+00
   3.0000000e+00
   6.0000000e+00
   3.1000000e+01
   9.0000000e+00
   9.1100000e+00
   1.5000000e+01
   4.0020000e+01
   2.0020000e+01
   5.0000000e+00
   2.5000000e+01
   2.2100000e+01
   2.2000000e+01
   3.0000000e+00
   1.7100000e+01
   7.0000000e+01
   7.0200000e+00
   5.0000000e+00
   2.5000000e+00
   5.0000000e+01
   6.5000000e+01
   1.0000000e+00
   1.0000000e+00
   7.0000000e+00
   4.0000000e+00
   2.5020000e+01
   1.0000000e+01
   2.5000000e+00
   1.0000000e+01
   1.5000000e+01
   2.3000000e+01
   2.5000000e+01
   2.0000000e+01
   2.0000000e+00
   2.8000000e+01
   3.5000000e+01
   4.0000000e+00
   9.0200000e+00
   3.0000000e+00
   3.0000000e+00
   2.5000000e+01
   1.5000000e+01
   1.5100000e+01
   1.0000000e+01
   1.1000000e+01
   7.5000000e+00
   3.0000000e+01
   1.3000000e+01
   1.0500000e+02
   2.5000000e+01
   5.0000000e+01
   2.0000000e+01
   1.6000000e+01
   1.5000000e+01
   1.0000000e+01
   5.0000000e+00
   4.0000000e+00
   3.5000000e+01
   1.5000000e+01
   1.2000000e+01
   3.0000000e+01
   7.5000000e+00
   3.0200000e+00
   3.0000000e+00
   1.3020000e+01
   2.0000000e+00
   2.0000000e+00
   8.0000000e+00
   3.0000000e+01
   1.0200000e+00
   4.0000000e+00
   1.3600000e+02
   2.0000000e+00
   1.0000000e+01
   5.7000000e+00
   3.0000000e+00
   3.0000000e+01
   1.5000000e+01
   1.4000000e+01
   1.5150000e+01
   1.5000000e+01
   1.5000000e+01
   2.0000000e+01
   8.0100000e+00
   5.0000000e+00
   3.0000000e+00
   1.5000000e+01
   5.0000000e+00
   1.5000000e+01
   2.5020000e+01
   9.0000000e+00
   3.0100000e+00
   5.0200000e+00
   2.2020000e+01
   8.2000000e-01
   4.5000000e+01
   7.0000000e+00
   3.5020000e+01
   1.0000000e+01
   1.5000000e+01
   2.6000000e+01
   1.5000000e+00
   5.0000000e+00
   4.0000000e+01
   4.5000000e+01
   1.3000000e+01
   4.0000000e+01
   4.0000000e+01
   1.5000000e+01
   1.0002000e+02
   2.3020000e+00
   5.0000000e+00
   6.0000000e+00
   3.0000000e+00
   3.0000000e+00
   1.5000000e+00
   3.1020000e+01
   1.7000000e+01
   8.0020000e+01
   1.4000000e+01
   1.5000000e+00
   1.5000000e+00
   1.9000000e+01
   4.0000000e+00
   2.0000000e+00
   9.2000000e+01
   1.0000000e+01
   6.5000000e+01
   1.0000000e+00
   1.0130000e+01
   5.0000000e+00
   1.0025000e+01
   2.0000000e+00
   3.0000000e+01
   1.0000000e+01
   1.6010000e+01
   3.0000000e+01
   7.0000000e+01
   2.0000000e+01
   2.5000000e+01
   3.0000000e+01
   1.6000000e+01
   1.2000000e+01
   3.5000000e+01
   1.0000000e+01
   3.5000000e+01
   7.0000000e+00
   1.3020000e+01
   2.0000000e+01
   3.0000000e+00
   8.0000000e+00
   6.0000000e+01
   2.0200000e+01
   1.0000000e+00
   2.0000000e+01
   2.0000000e+01
   3.0000000e+00
   5.0000000e+00
   7.5000000e+00
   7.5000000e+00
   1.2000000e+01
   2.0000000e+01
   1.5020000e+01
   5.5000000e+00
   7.0000000e+00
   6.0000000e+00
   4.5020000e+01
   1.0000000e+01
   5.5000000e+01
   1.3000000e+01
   7.0000000e+00
   5.0000000e+00
   1.6000000e+01
   2.0000000e+00
   2.0000000e+00
   6.0000000e+00
   8.5000000e+01
   1.0000000e+00
   1.5000000e+01
   3.0000000e+01
   1.0000000e+00
   3.5000000e+00
   2.0000000e+00
   1.3100000e+01
   4.2000000e+00
   6.0000000e+00
   3.5000000e+01
   4.5000000e+01
   2.5000000e+01
   8.0000000e+00
   2.5000000e+01
   2.5000000e+01
   5.0000000e+00
   5.0000000e+00
             NaN
   2.0020000e+01
   2.0000000e+00
   3.0000000e+00
   1.3000000e+01
   6.0000000e+00
   2.0110000e+01
   1.5000000e+00
   1.7000000e+01
   1.5000000e+01
   4.0000000e+00
   1.1000000e+01
   8.0000000e+00
   1.0000000e+01
   1.2020000e+01
   2.0000000e+01
   2.0000000e+00
   2.0000000e+01
   2.0200000e+00
             NaN
   3.2000000e+00
   9.0000000e+00
   1.1000000e+01
   5.3000000e+00
   3.0000000e+00
   9.0000000e+01
   1.2000000e+00
   1.0000000e+01
   3.0000000e+01
   1.0000000e+01
   3.0000000e+01
   1.7000000e+01
   1.5000000e+01
   5.0000000e+00
   3.0500000e+00
   1.6010000e+01
   4.0000000e+00
   1.0000000e+01
   1.1000000e+01
   4.0000000e+00
   3.0000000e+00
   3.5000000e+01
   1.8000000e+01
   1.5000000e+01
   2.5000000e+01
   4.0000000e+01
   4.0000000e+00
   1.0000000e+00
   2.8000000e+01
   8.0000000e+00
   3.0000000e+00
   1.2000000e+01
   4.7000000e+02
   1.2300000e+01
   5.5000000e+00
   1.0000000e+01
   6.0000000e+00
   2.0000000e+01
   2.0000000e+01
   9.0000000e+00
   9.8000000e+01
   2.0000000e+00
   2.0000000e+00
   2.0000000e+01
   2.3000000e+01
   2.7000000e+01
   2.0000000e+00
             NaN
   1.0000000e+01
   1.0000000e+01
   1.0000000e+01
   4.0100000e+00
   1.5000000e+01
   1.0000000e+01
   1.5000000e+00
   1.4000000e+01
   1.3300000e+01
   5.0000000e+00
   5.0000000e+01
   1.5000000e+01
   2.5000000e+01
   1.2000000e+01
   5.0700000e+01
   1.3000000e+01
   1.9000000e+00
   2.1000000e+01
   4.0000000e+01
   2.0000000e+01
   4.0000000e+01
   3.0000000e+01
   3.0000000e+01
   5.0020000e+01
   5.0500000e+01
   1.2020000e+01
   3.5000000e+01
   2.5000000e+00
   1.5000000e+01
   1.5000000e+01
   2.0000000e-01
   5.0000000e+00
   5.0000000e+00
   1.0200000e+01
   2.0570000e+01
   3.0000000e+01
   1.3300000e+01
             NaN
   2.0020000e+01
   1.4000000e+01
   5.0000000e+01
   5.5000000e+01
   8.2000000e+00
   8.0000000e+00
   3.0000000e+00
   9.0000000e+00
   5.0000000e+00
   3.0000000e+00
   7.0300000e+00
   4.0000000e+00
   1.0000000e+00
   1.4000000e+01
   2.7500000e+02
   1.5000000e+01
   1.6000000e+01
   1.3000000e+01
   3.1000000e+01
   1.0000000e+00
   1.0000000e+00
   7.6000000e+00
   1.2000000e+01
   5.0200000e+00
   2.2020000e+01
   5.0000000e+00
   1.0000000e+00
   4.0000000e+02
   5.0000000e+00
   7.0000000e+00
   7.0000000e+00
   1.8000000e+01
   1.3000000e+01
   2.5000000e+01
   1.2000000e+01
   2.0025000e+01
   1.0000000e+00
   1.0000000e+00
   3.0000000e+00
   8.0000000e+00
   5.0000000e+01
   1.6000000e+02
   6.0000000e+01
   3.0000000e+00
   1.5000000e+00
   2.5000000e+01
   1.1500000e+01
   5.0000000e+01
   2.3000000e+00
             NaN
             NaN
   4.6500000e+01
   1.5000000e+01
   2.0000000e+01
   8.0000000e+00
   3.5000000e+01
   5.0000000e-01
   3.0000000e+00
   1.0000000e+00
   1.5000000e+01
   2.8000000e+01
   1.8000000e+01
   1.8000000e+01
   3.2010000e+01
   2.5000000e+01
   8.0000000e+00
   8.0000000e+00
   3.5000000e+00
   1.5000000e+01
   4.5000000e+01
   2.0000000e+00
   3.0000000e+00
   8.0000000e+00
   1.0000000e+01
   3.0000000e+00
   2.4000000e+01
   1.0000000e+01
   2.0000000e+00
   3.4000000e+00
   5.0000000e+00
   2.7000000e+01
   2.0000000e+00
   1.0000000e+01
   4.0000000e+00
   1.0000000e+01
   4.0000000e+01
   3.0000000e+00
   2.0000000e+00
   2.1000000e+01
   2.1000000e+01
   1.3000000e+01
   1.5000000e+01
   4.5000000e+01
   7.0000000e-01
   1.0000000e+01
   2.0000000e+01
   6.0000000e+00
             NaN
   3.6200000e+00
   1.0000000e+01
   8.0200000e+00
   5.0000000e+00
   5.0000000e+00
   2.0000000e+01
   1.5000000e+00
   2.0200000e+00
   3.0000000e+01
   2.0110000e+01
   1.0000000e+01
   9.5110000e+01
   8.0000000e+00
   4.0000000e+00
   4.0054000e+01
   2.0000000e+01
   5.0200000e+00
   8.0000000e+00
   1.0000000e+00
   4.3000000e+00
   2.0000000e+01
   3.0000000e+01
   2.1000000e+01
   5.0000000e+00
   1.3000000e+01
   1.8020000e+01
   8.0000000e+00
   2.5000000e+01
   3.1750000e+00
   3.0000000e+00
   3.0000000e+00
   4.0000000e+01
   1.0000000e+01
   1.0020000e+01
   2.5000000e+00
   4.2000000e+01
   3.8000000e+00
   1.9000000e+01
   5.0000000e-01
   3.0000000e+00
   7.5000000e+01
   1.0000000e+00
   1.0000000e+00
   3.0000000e+01
   1.0000000e+00
   2.1000000e+01
   3.0600000e+01
   2.0000000e+01
   1.2010000e+01
   1.8000000e+01
   7.5200000e+00
   1.0000000e+01
   3.2000000e+01
   6.0000000e+00
   2.0000000e+00
   2.0000000e+01
   1.0000000e+01
   3.0000000e+00
   1.5000000e+01
   2.0000000e+00
   2.0000000e+00
   1.0000000e+01
   3.0000000e+00
   1.1000000e+01
   1.0000000e+01
   3.0000000e+00
   4.0000000e+01
   1.0000000e+01
   1.0000000e+01
   7.0000000e+00
   1.2000000e+01
   2.0000000e+01
             NaN
   7.5000000e+01
   2.4000000e+01
   2.0000000e+01
   1.5000000e+00
   6.0000000e+00
   3.0000000e+00
   1.4000000e+02
   6.0000000e+00
   5.1000000e+01
   1.8000000e+01
   3.5000000e+01
   2.0000000e+01
   3.3020000e+01
   1.5000000e+01
   1.0000000e+01
   1.0000000e+01
   3.0000000e+01
   1.8000000e+01
   2.0000000e+01
   1.0520000e+01
   4.6000000e+01
   5.5000000e+00
   6.0000000e+00
   2.0000000e+00
   3.0000000e+00
   1.6600000e+01
   1.2000000e+01
   1.2000000e+01
   2.0020000e+01
   1.5000000e+01
   1.0000000e+01
   1.2000000e+01
   1.2000000e+01
   3.0200000e+00
   4.0000000e+00
   1.7000000e+01
   5.0200000e+00
   8.0000000e+00
   2.0000000e+00
   4.0000000e-01
   1.5000000e+01
   1.7000000e+01
   2.5000000e+01
   1.3000000e+01
   4.3000000e+01
   2.2000000e+01
   2.0000000e+01
   7.5200000e+00
   1.0020000e+01
   3.0000000e+00
   1.4000000e+01
   1.0160000e+01
   4.0000000e+00
   1.3020000e+01
   2.0200000e+00
   3.0000000e+00
   3.0000000e+00
   4.5000000e+00
   1.6200000e+01
   9.0000000e+00
   8.9000000e+01
   6.5000000e+00
   4.0000000e+02
   1.5000000e+01
   4.0000000e+01
   2.6000000e+01
   1.2000000e+01
   4.0200000e+00
   1.3020000e+01
   3.0000000e-01
   4.0000000e+00
   7.0040000e+01
   3.0000000e+01
   3.8000000e+01
   5.0000000e+00
   2.0000000e+00
   1.5000000e+01
