   5.0000000e+01
   5.0000000e-01
   5.0000000e+00
   1.8000000e+01
   8.0000000e+01
   2.0000000e+00
   5.0000000e+01
   3.0000000e+00
   1.0000000e+00
   1.5000000e+00
   1.0000000e+01
   5.0000000e+00
   2.0000000e+00
   2.0000000e+00
   4.5000000e+01
   5.2000000e-01
   6.0000000e+00
   1.5000000e+01
   2.0000000e+01
   6.0000000e+01
   1.2000000e+01
   3.0000000e+00
   1.0000000e+00
   4.0000000e+00
   1.0000000e+01
   4.0000000e+02
   1.5000000e+00
   3.0000000e+01
   1.0000000e+00
   3.0000000e+01
   3.0000000e+00
   1.0000000e+00
   1.4000000e+00
   1.4000000e+01
   4.0000000e+01
   4.0000000e+01
   5.0000000e-01
   1.0000000e+00
   3.0000000e+01
   3.0000000e+01
   3.0000000e+01
   3.0000000e+01
   1.0000000e+01
   3.0000000e-01
   5.0000000e+00
   6.0000000e+00
   5.0000000e-01
   4.0000000e+01
   5.0000000e+00
   1.5000000e+01
   5.0000000e+00
   1.0000000e-01
   3.0000000e+00
   1.5000000e+01
   1.5000000e+01
   2.5000000e+01
   2.3400000e+02
   5.0000000e-01
   3.5000000e+01
   5.0000000e+00
   4.0000000e+00
   2.0000000e+00
   4.0000000e+00
   5.0000000e+00
   5.0000000e+00
   1.0000000e+00
   4.0000000e+00
   5.0000000e+00
   1.6000000e+00
   8.0000000e+00
   7.0000000e+00
   4.0000000e+00
   1.5000000e+01
   1.5000000e+01
   1.8000000e+01
   1.0000000e+01
   1.0000000e+01
   3.0000000e+01
   1.0000000e+00
   2.0000000e+00
   1.0000000e+01
   1.0000000e+01
   6.0000000e+00
   7.0000000e+00
   4.0000000e+00
   2.0000000e+00
   3.0000000e+00
   1.5000000e+01
   3.5000000e+00
   1.5000000e+00
   4.4500000e+00
   1.0200000e+00
   5.0000000e+00
   4.2500000e+00
   1.0000000e+01
   5.0000000e+01
   4.0000000e+00
   6.0000000e+00
   4.0000000e+00
   7.0000000e+00
   3.5000000e+00
   3.0000000e+00
   1.5000000e+01
   6.0000000e+00
   1.5000000e+00
   2.0000000e+00
   1.5000000e+00
   1.0010000e+01
   2.5000000e+01
   1.5000000e+00
   3.0000000e+00
   3.0000000e+00
   7.0000000e+01
   1.0000000e+00
   1.0000000e+01
   1.0000000e+01
   1.5000000e+01
   3.0000000e+01
   2.0050000e+01
   3.0000000e+01
   2.0000000e-01
   3.0000000e+00
   6.0000000e+00
   3.0000000e+00
   2.0000000e+00
   7.0000000e+01
   7.9000000e+00
   5.0000000e+00
   3.5000000e+00
   2.0000000e+00
   3.0000000e+01
   3.0000000e+00
   1.1000000e+01
   4.0000000e+00
   2.0000000e+00
   4.0000000e+00
   3.0000000e+00
   1.0000000e+00
   2.3000000e+01
   2.5000000e+01
   3.7000000e+01
   3.7000000e+01
   3.0000000e+00
   3.0000000e+00
   3.0000000e+01
   6.0010000e+01
   6.0010000e+01
   3.0000000e+01
   1.5000000e+01
   4.0000000e+00
   6.0000000e+00
   3.0000000e+01
   1.2000000e+01
   2.0000000e+00
   1.0000000e+01
   5.0000000e+00
   3.0000000e+00
   1.0000000e+00
   4.0000000e+01
   8.0000000e+00
   5.0000000e+00
   8.0000000e+00
   1.0000000e+00
   8.0000000e-01
   3.0000000e+00
   8.0000000e+00
   4.0000000e+00
   4.0000000e+00
   2.4000000e+01
   2.4000000e+01
   2.5000000e+00
   1.0000000e+01
   1.0000000e+00
   1.0000000e+00
   1.3000000e+01
   4.0000000e+01
   3.5000000e+01
   4.0000000e+00
   8.0000000e+00
   1.5000000e+01
   1.8120000e+01
   1.2000000e+01
   4.5000000e+00
   1.0000000e+01
   2.0000000e+00
   1.8000000e+01
   3.0000000e+00
   3.6000000e+01
   3.9000000e+01
   3.0000000e+00
   4.0000000e+00
   7.0000000e+00
   7.0000000e+01
   2.0000000e+00
   4.0000000e+00
   5.0000000e+00
   2.0000000e+01
   4.0000000e+00
   1.4000000e+01
   1.4000000e+01
   2.0000000e+00
   3.0000000e+00
   2.0000000e+00
   2.0000000e+00
   2.0000000e+00
   3.5000000e+00
   1.0000000e+00
   5.0000000e+00
   1.5000000e+01
   2.0000000e+01
   1.0000000e+01
   8.2500000e+00
   6.0000000e+00
   1.0000000e+00
   6.0000000e+00
   4.0000000e+00
   3.0000000e+00
   1.2000000e+01
   3.0000000e+00
   2.5000000e+00
   2.0000000e+00
   2.0000000e+00
   4.0000000e+00
   1.0000000e+00
   1.5000000e+00
   4.0000000e+00
   6.0000000e+01
   1.4000000e+01
   3.0000000e+00
   2.0000000e+01
   1.5000000e+01
   1.5000000e+01
   3.5000000e+01
   2.0000000e+00
   3.0000000e+00
   8.7000000e+01
   2.5000000e+00
   5.0000000e-01
   5.0000000e+00
   5.0000000e-01
   6.5000000e+00
   1.0000000e+01
   7.0000000e+00
   7.0000000e+00
   1.5000000e+01
   3.0000000e+01
   4.5000000e+01
   2.0000000e-01
   1.0000000e+01
   1.0000000e+00
   4.0000000e+01
   4.5000000e+00
   6.0000000e-01
   3.0000000e+00
   7.0000000e+00
   6.0000000e+00
   7.0000000e+00
   3.0000000e+00
   5.0000000e-01
   2.0000000e+00
   3.0000000e+00
   4.0000000e+00
   2.5000000e+01
   8.0000000e+00
   2.0000000e+00
   2.0000000e+01
   2.0000000e+00
   9.0000000e+01
   1.0000000e+00
   2.0000000e+00
   1.0000000e+01
   1.0000000e+01
   6.5000000e+00
   4.8000000e+01
   4.0700000e+00
   1.0000000e+00
   1.0000000e+01
   2.5000000e+01
   7.0000000e+00
   5.0000000e+00
   2.0000000e+00
   1.0000000e+00
   3.0000000e+00
   1.0000000e+00
   2.0000000e+01
   2.5000000e+01
   4.0000000e+00
             NaN
   8.0000000e-01
   4.0000000e+00
   4.0000000e+00
   4.0000000e+00
   2.0000000e+00
   3.0000000e+00
   3.0000000e+00
   1.3500000e+00
   5.0000000e+00
   5.0000000e+00
   3.0000000e+00
   7.0000000e+00
   2.0000000e+00
   2.0000000e+01
   3.0400000e+00
   8.2200000e+00
   1.5000000e+01
   2.0000000e+00
   8.0000000e+00
   8.0000000e+00
   2.0000000e+00
   1.5000000e+01
   2.0000000e+00
   1.6500000e+02
   1.5000000e+01
   5.0000000e+00
   8.0000000e+00
   2.0000000e+01
   5.0000000e+00
   2.0000000e+00
   5.0000000e+00
   6.0000000e+01
   1.0000000e+00
   3.0000000e+00
   1.0000000e+00
   2.5000000e+00
   2.0000000e+00
   1.0000000e+01
   2.0000000e+01
   7.5000000e+00
   3.0000000e+00
   2.0000000e+00
   2.0020000e+01
   2.5000000e+00
             NaN
   1.8000000e+01
   8.0000000e+00
   1.5000000e+01
   1.5000000e+00
   4.5000000e+01
   4.0000000e+01
   2.5000000e+00
   3.0000000e+01
             NaN
   5.0000000e+00
   5.0000000e+00
   1.0000000e+00
   4.0000000e+00
   1.5000000e+01
   1.5000000e+00
   3.5000000e+00
   1.1000000e+00
   5.0000000e+01
   1.0000000e+02
   3.0000000e+00
   5.2000000e+00
   4.0000000e+00
   2.0000000e+01
   5.5000000e+00
   1.6000000e+02
   2.5000000e+00
   2.0000000e+00
   2.0000000e+00
   3.2000000e-01
             NaN
   2.0700000e+00
   3.1200000e+00
   2.3000000e+01
   1.2000000e+00
   5.1000000e+01
   8.0000000e+00
   2.0000000e+01
   1.0000000e+01
   2.2000000e+01
   1.5000000e+00
   8.0000000e+00
   4.2300000e+00
   3.0000000e+00
   2.0000000e+00
   1.5000000e+01
   2.5000000e+01
   2.0000000e+00
   3.0000000e+00
   2.1000000e+01
   7.0000000e+00
   5.0000000e+00
   5.0000000e+00
   2.0000000e+00
   7.0000000e+01
   3.0400000e+00
   3.0000000e+00
   3.0500000e+00
   1.0000000e+01
   1.0000000e+01
   4.5700000e+01
   3.0000000e+00
   8.0000000e+00
   2.0000000e+00
   6.0000000e+00
   2.0000000e+01
   3.0000000e+00
   1.2700000e+00
   7.5000000e+01
   1.1000000e+01
   2.0000000e+00
   3.0000000e+01
   3.5300000e+00
   2.0000000e+00
   1.0000000e+00
   4.1000000e+01
   3.0000000e+00
   1.0000000e+00
   3.0000000e+00
   6.0000000e+00
   5.3000000e+00
   1.5000000e+00
   1.6000000e+01
   4.0000000e+00
   8.0000000e+01
   4.0000000e+00
   2.0000000e+00
   2.5200000e+00
   2.0000000e+00
   2.0000000e+00
   1.0000000e+00
   3.0000000e+00
   3.0000000e+01
   3.1000000e+01
   1.0000000e+01
   3.0000000e+00
   1.0000000e+00
   9.0000000e-01
   5.3000000e+00
   1.0000000e+00
   3.0000000e+00
   2.5000000e+00
   1.5200000e+01
   1.0500000e+01
   2.0000000e+00
   6.0000000e+00
   1.0000000e+01
   1.0000000e+01
   2.7000000e+01
   5.4000000e+01
   2.3000000e+00
   2.0000000e+00
   2.0000000e+01
   2.0000000e+01
   4.0000000e+01
   1.0000000e+02
   2.0000000e+00
   2.0000000e+00
   1.5700000e+01
   5.0000000e+00
   6.0000000e+00
   2.1000000e+00
   1.1000000e+00
   2.5000000e+01
   5.0000000e+00
   1.2000000e+01
   3.0030000e+01
   8.0000000e+00
   1.5000000e+01
   1.5000000e+01
   1.5000000e+01
             NaN
   5.0000000e+00
   2.0000000e+00
   8.0000000e+00
   8.0000000e+00
   1.0500000e+00
   2.2000000e+01
   3.0000000e+00
   7.6000000e+01
   7.0000000e+00
   2.0000000e+00
   4.0000000e+00
   4.5600000e+01
   3.0000000e+01
   6.0000000e+00
   2.0300000e+01
   2.0000000e+00
   1.5000000e+00
   1.0000000e+01
   2.0000000e+00
   1.5000000e+01
   5.0000000e-01
   4.0000000e+00
   6.0000000e+00
   3.0000000e+01
   4.0000000e+00
   1.5000000e+02
   2.0600000e+00
   5.6000000e-01
   5.0000000e+01
   3.5000000e+00
   1.0000000e+00
   1.7000000e+00
   3.5000000e+00
   8.5000000e+01
   3.0000000e+00
   1.0000000e+00
   2.0090000e+01
   9.0000000e+00
   6.5150000e+01
   5.0000000e+00
   1.3000000e+00
   5.0000000e+00
   1.0000000e+00
   3.0000000e+00
   8.0000000e-01
   2.0000000e+00
   4.0000000e+00
   7.0000000e+01
   8.5000000e+00
   1.0000000e+01
   1.5000000e+00
   3.0000000e+00
   1.0000000e+00
   1.3000000e+01
   1.0000000e+00
   1.0000000e+01
   2.0000000e+00
   1.0000000e+01
   1.0000000e+01
   2.0000000e+00
   2.0000000e+00
   1.1140000e+00
   5.0000000e+00
   3.5020000e+01
   3.0050000e+00
   4.0020000e+00
   4.0000000e+00
   2.0000000e+00
   2.5700000e+01
   2.0500000e+01
   1.0000000e+01
   7.0000000e+00
   7.0000000e+00
   8.1000000e+00
   2.0500000e+00
   1.0000000e+00
   7.5050000e+01
   8.0000000e+00
   3.0000000e+00
   2.9000000e+01
   2.0000000e+02
   4.0075000e+01
   1.0000000e+00
   8.0000000e+00
   9.5000000e+00
   1.1000000e+01
   2.0000000e+01
   3.0000000e+00
   1.7000000e+01
   3.0000000e+00
   1.5000000e+01
   5.0000000e+00
   1.0000000e+01
   8.0000000e+00
   1.0000000e+00
   5.0100000e+00
   2.8900000e+00
   2.5000000e+01
   7.5000000e+01
   2.3000000e+00
   3.0800000e+00
   5.5000000e+01
             NaN
   4.0000000e+00
   6.0000000e+00
   1.0000000e+00
   5.0000000e+01
   4.5000000e+00
   1.0000000e+00
   3.0000000e+01
   1.5000000e+00
   4.7000000e+01
   1.3000000e+00
   3.5000000e+01
   3.0000000e+00
   2.0000000e+00
   3.0000000e-01
   2.0000000e+00
   3.3300000e+00
   1.0000000e+00
   4.0000000e+00
   1.1000000e+02
   3.5000000e+01
   3.0000000e-01
   3.0000000e+00
   1.0000000e+00
   7.5200000e+01
   5.0000000e-01
   1.5000000e+00
   3.0000000e+00
   4.0000000e+00
   2.0000000e+00
             NaN
   2.0000000e+00
   3.5000000e+01
   7.0000000e+00
   3.0000000e+00
   3.0000000e+00
   3.0200000e+00
   6.0000000e-01
   6.0250000e+00
   1.0000000e+01
   1.0000000e+01
   1.0000000e+01
   3.0000000e+00
   5.0000000e-01
   3.5000000e+01
   3.0000000e+00
   1.0000000e+00
   4.0000000e+00
   4.0000000e+00
   2.5000000e+00
   1.3255000e+01
   5.0000000e-01
   1.5000000e+00
   2.0000000e+01
   1.7000000e+01
   2.0500000e+00
   5.0000000e+01
   2.3000000e+01
   9.0000000e+00
   3.0000000e+00
   3.0000000e+00
   1.0000000e+01
   6.0000000e+00
   1.0000000e+01
   1.5000000e+00
   2.0000000e+00
   4.0000000e+00
   1.6000000e+02
   5.0000000e+00
   2.6000000e+01
   5.0000000e+00
   7.0330000e+01
   3.0200000e+00
   6.0000000e+00
   1.8000000e+01
   5.0000000e-01
   2.5000000e+00
   2.0700000e+00
   1.0000000e+00
   3.0000000e+00
   3.0000000e+01
   1.0000000e+00
             NaN
   9.0000000e+01
   1.5000000e+01
   1.0000000e+00
   1.0000000e+00
   1.0000000e+00
   2.0000000e+00
   2.0000000e+00
   2.0000000e+00
   2.2650000e+01
   7.0000000e+00
   2.0500000e+00
   1.0000000e+01
   1.0000000e+01
   1.0000000e+01
   2.2000000e+00
   1.5000000e+00
   7.0000000e+00
   4.0000000e+00
   2.0010000e+01
   3.3000000e-01
   1.0000000e+00
   1.0000000e+00
   1.0000000e+00
   5.0000000e+00
   5.0000000e+00
   4.0000000e+00
   4.0300000e+00
   1.0000000e+00
   2.0000000e+00
   2.2500000e+00
   1.0000000e+01
   1.0200000e+01
   7.0000000e-01
   7.8000000e-01
   5.0600000e+00
   4.0000000e+00
   2.0000000e+00
   3.0000000e+00
   2.0000000e+00
   1.6000000e+01
   1.6000000e+01
   2.0000000e+00
   8.0400000e+00
   1.6600000e+00
   1.7100000e+01
   5.0000000e-01
   1.4000000e+01
   1.3000000e+01
   2.0000000e+00
   2.0000000e+00
   3.0000000e+00
   4.0000000e+00
   5.0000000e+00
   5.0000000e-02
   1.0000000e+00
   2.0000000e+00
   1.0000000e+00
   2.0000000e+00
   2.0000000e+00
   1.0000000e+01
   2.2000000e+01
   3.0000000e+00
   1.0000000e+01
   7.0000000e+00
   5.5000000e+00
   4.0000000e+00
   5.0000000e+00
   6.0000000e+00
   2.0000000e+01
   2.0000000e+01
   1.5000000e+01
   4.5000000e+01
   5.0000000e-01
   2.5000000e+00
   1.5000000e+01
   8.0000000e+00
   2.0000000e+00
   1.0100000e+00
   1.1000000e+01
   5.0000000e+00
   3.4550000e+00
   3.0000000e+00
   3.0000000e+00
   5.0000000e+00
   1.5000000e+00
   5.0000000e+00
   4.5000000e+01
   2.0200000e+00
   6.0000000e-01
   3.0000000e+00
   9.0000000e+01
   4.1100000e+01
   2.0000000e+00
   4.0000000e+01
   5.0000000e-01
   1.0000000e+00
   2.5020000e+01
   1.5030000e+01
   3.0110000e+01
   1.2000000e+01
   1.5800000e+01
   2.0000000e+01
   3.0000000e+00
   3.2000000e+01
   4.0000000e+00
   7.5000000e+01
   1.5000000e+01
   4.2000000e+00
   3.0000000e+00
   2.0000000e+00
   8.0000000e+01
   6.0000000e+00
   8.0000000e+00
   5.0000000e+01
   1.0020000e+01
   4.0000000e+00
   1.4000000e+01
   3.2000000e+01
   1.0000000e+00
   1.0035000e+01
   1.1000000e+02
   4.0000000e+00
   4.0000000e+00
   6.0000000e+01
   1.5000000e+01
   3.0000000e+01
   1.0000000e+00
   1.0000000e+00
   1.0000000e+00
   3.0000000e+00
   1.5000000e+01
   1.0400000e+01
   1.0000000e+00
   5.0000000e+00
   6.0000000e+00
   1.8000000e+01
   6.0000000e+00
   2.5010000e+01
   5.0000000e-01
   7.0200000e+00
   1.3000000e+00
   3.0000000e+00
   4.5020000e+01
   1.0600000e+01
   1.0000000e+01
   3.0000000e+00
   5.0000000e+00
   5.0000000e-01
   1.6000000e+01
   5.0000000e+00
   1.0000000e+02
   1.5200000e+00
   2.0200000e+00
   3.0000000e+01
   4.4000000e-01
   1.0000000e+00
   5.1500000e+00
   3.1500000e+00
   3.0000000e+00
   1.1800000e+01
   5.2000000e-01
   1.5000000e+00
   2.0000000e+01
   4.0000000e+00
   1.0200000e+00
   1.1050000e+01
   3.0000000e+00
   1.5000000e+01
   4.5000000e+00
   5.0200000e+00
   1.0020000e+01
   2.7000000e+00
   2.0200000e+00
   2.0000000e+00
   2.0000000e+00
   1.5000000e+00
   2.5000000e+00
   2.0000000e+01
   8.0000000e+01
   1.5000000e+01
   2.0000000e+00
   2.0000000e+00
             NaN
   4.0000000e+00
   3.5000000e+01
   5.0000000e+00
   7.0000000e+00
   1.0000000e+00
   8.0000000e-01
   1.0000000e+01
   7.0000000e-01
   6.0000000e+00
   1.3000000e+01
   1.0000000e+00
   9.6000000e+00
   8.7200000e+00
   2.5000000e+00
   8.1000000e+01
   1.0000000e+01
   1.0000000e+01
   2.1200000e+00
   1.1000000e+01
   3.0000000e+00
   5.5000000e+00
   7.0500000e+00
   3.0000000e+00
   3.0000000e+01
   5.0000000e+01
   1.0000000e+01
   1.7000000e+01
   1.5000000e+01
   2.0000000e+00
   2.5000000e+00
   4.0000000e+00
   2.0000000e+01
   3.0000000e+00
   7.0000000e+00
   3.0000000e+00
   2.5000000e+01
   3.0000000e+00
   7.0000000e+01
   8.5000000e-01
   2.0000000e+01
   5.0000000e+00
   4.5000000e+00
   4.5000000e+00
   1.0000000e+01
   1.5000000e+00
   4.0000000e+00
   5.0000000e-01
   1.0000000e+01
   2.5000000e+01
   3.0000000e+01
   2.5000000e+00
   3.0000000e+01
   2.0000000e+01
   4.0000000e+00
   4.1000000e+00
   2.0000000e+00
   4.8000000e+01
   1.6000000e+01
   5.0000000e+00
   6.0000000e+00
   5.0000000e+00
   5.0000000e+00
   2.0000000e+00
   3.0000000e+00
   1.0400000e+01
   3.7000000e+01
   2.0000000e+00
   5.0000000e-01
   1.0000000e+00
   1.3000000e+00
   3.0000000e+00
   1.4500000e+02
   6.0000000e+00
   4.0000000e+00
   1.2000000e+00
   1.3000000e+01
   3.0000000e+00
   6.2000000e+01
   5.0000000e+00
   2.0000000e+02
   9.0000000e-01
   3.0250000e+00
   3.0000000e+00
   3.0000000e+00
   2.0000000e+00
   4.0000000e+00
   4.0000000e+00
   5.0000000e+01
   2.0000000e-01
   6.5000000e+01
   2.0000000e+00
   9.0000000e+00
   5.5000000e+00
   3.9000000e+00
   2.0000000e+00
   1.0000000e+00
   5.7000000e-01
   7.0000000e+00
   2.5000000e+00
   1.0000000e+00
   5.0000000e-01
   5.0000000e-01
   1.0000000e+00
   4.0000000e+00
   6.0000000e+00
   8.0000000e-01
   4.0000000e+00
   3.0000000e+01
   9.1500000e-01
   1.3200000e+00
   4.0000000e+00
   1.0000000e+00
   5.0010000e+01
   2.1500000e+00
   2.0100000e+00
   6.5000000e+00
   5.0000000e+00
   1.0000000e+00
             NaN
   1.0000000e+00
   2.0200000e+00
   2.0200000e+00
   5.0000000e+00
   2.0500000e+00
   5.0000000e+00
   1.0000000e+00
   1.0000000e+00
   5.5000000e+00
   2.0000000e+00
   4.5000000e+01
   4.5000000e+00
   1.5000000e+00
   1.0000000e+01
   3.0000000e+00
   2.3000000e+01
   5.0000000e+00
   3.0000000e+00
   6.0000000e+00
   6.0130000e+01
   3.0000000e+00
   4.3000000e+00
   2.0000000e+00
   3.0000000e+00
   3.0000000e+00
   1.0850000e+01
   1.3000000e+01
   2.0000000e+00
   1.0000000e+01
   2.0000000e+01
   1.0000000e+00
   3.0000000e+01
   6.0000000e+00
   3.0725000e+01
   2.0500000e+00
   1.5020000e+01
   2.7000000e+00
   5.0000000e-01
   9.0000000e+00
   5.0000000e+00
   1.2000000e+01
   3.0000000e+00
   3.0000000e+00
   6.0000000e+00
   3.0000000e+00
   5.0000000e+00
   5.5150000e+01
   1.5090000e+01
   2.0000000e+00
   1.0000000e+01
   8.0000000e+00
   1.0000000e+00
   2.0000000e+01
   2.5000000e+00
   4.0000000e+00
   2.0100000e+00
   5.5000000e+00
   1.0000000e+00
   2.5000000e+00
   2.5020000e+01
   3.0800000e+00
   6.0000000e+00
   3.0100000e+00
   3.0600000e+00
   2.0100000e+00
   1.0200000e+00
   5.0250000e+00
   8.3000000e+00
   3.7000000e+00
             NaN
             NaN
   3.5010000e+01
   4.6000000e+01
   1.2000000e+01
   1.2050000e+01
   4.5500000e+00
   3.7500000e-01
   2.7300000e+02
   1.0000000e+00
   2.0000000e+00
   1.0000000e+01
   3.0000000e+00
   1.0000000e+00
   1.5000000e+00
   6.1100000e+00
   2.5000000e+01
   2.0000000e+00
   2.0000000e+00
   2.0000000e+00
   8.0000000e+01
   1.0000000e+01
   1.7000000e+01
   1.0000000e+00
   6.0020000e+01
   2.5000000e+00
   2.0000000e+00
   5.0000000e+00
   8.0000000e+00
   8.0000000e+00
   7.6000000e+00
   2.0000000e+00
   2.7000000e+01
   1.5000000e+01
   1.5000000e+01
   1.0000000e+01
   3.0000000e+01
   3.0000000e+01
   2.5000000e+01
   2.5000000e+01
   2.0150000e+01
   3.0000000e+00
   3.0000000e+00
   3.0000000e+01
   1.6600000e+01
   1.0000000e+00
   1.0000000e+00
   4.0000000e+00
   6.0000000e+00
   6.0000000e+01
   1.8000000e+01
   2.0000000e+01
   4.1500000e+00
   7.6250000e+00
   1.0000000e+00
   2.0000000e+00
   1.2000000e+01
   7.5000000e-01
   3.0000000e+00
   1.0000000e+00
   1.0000000e+00
   1.0000000e+00
   8.0000000e+00
   1.5100000e+01
   5.0000000e+00
   5.0000000e+00
   5.0000000e-01
   2.0000000e+00
   2.5020000e+01
   7.3000000e+01
   1.5000000e+01
   1.0000000e+01
   2.0000000e+02
   5.0000000e+01
   3.0200000e+00
   6.0000000e+00
   1.1000000e+01
   2.1500000e-01
   4.5000000e+01
   6.0200000e+00
   6.9500000e-01
   1.5020000e+01
   6.2000000e-01
             NaN
   5.0000000e-01
   2.0000000e+00
   1.3000000e+01
   2.5000000e+00
   4.5000000e+00
   1.0000000e+00
   1.0200000e+00
   1.0000000e+01
   2.0000000e+00
   5.0000000e+00
   3.1500000e+00
   1.0000000e+00
   4.0000000e+00
   1.0000000e+00
   7.0000000e+01
   1.0000000e+00
   5.0000000e+00
   5.5000000e+01
   1.0500000e+00
   1.0000000e+00
   3.0000000e+00
   5.5000000e+00
   2.0000000e+00
   2.5000000e+00
   2.2000000e+01
   1.1500000e+01
   1.1000000e+02
   5.0000000e+00
   1.0200000e+00
   1.0000000e+00
   1.0000000e+00
   1.1100000e+00
   2.0000000e+01
   6.2000000e+01
   3.0000000e+00
   7.5000000e+00
   2.0000000e+01
   7.0000000e+00
   1.5000000e+01
   2.7730000e+01
   2.0000000e+00
   2.0000000e+00
   2.0000000e+00
             NaN
   5.5000000e+01
   3.0000000e+00
   5.0400000e+00
   7.0000000e+01
   1.0000000e+00
   5.0000000e-01
   7.0750000e+00
   6.0000000e+01
   8.4000000e+00
   3.0000000e+00
   8.2000000e-01
   1.0000000e+00
   1.0000000e+00
   1.0000000e+00
   3.0000000e+01
   1.0000000e+00
   4.0000000e+00
   2.0000000e+00
   2.0000000e+00
   4.5000000e+01
   5.0200000e+00
   1.2500000e+01
   3.0000000e+00
   2.0000000e+01
   1.6000000e+00
   2.0000000e+00
   5.0000000e-01
   4.0000000e+00
   2.0000000e+00
   2.0000000e+00
   5.5000000e+01
   1.2200000e+00
   6.0200000e+00
   4.0200000e+00
   2.0000000e+00
   8.9000000e-01
   2.0000000e+01
   2.5000000e+01
   1.0000000e+00
   2.0000000e-01
   7.3000000e+00
   9.0000000e+00
   1.5000000e+01
   2.6000000e+01
   2.0000000e+00
   1.0000000e+00
   2.0000000e+00
   5.0000000e-01
   5.0000000e+01
   1.3000000e+01
   2.5300000e+00
   6.0000000e+01
   4.0000000e+00
   1.5000000e+01
   4.0000000e+01
   3.0000000e+00
   4.0000000e+00
   1.5000000e+01
   5.0000000e+00
   5.0000000e+00
   8.0000000e+00
   4.6000000e+00
   5.0000000e+01
   9.5500000e+00
   1.2020000e+01
   3.0000000e+01
   3.0000000e+00
   4.5000000e+01
   1.0000000e+01
   5.0000000e-01
   1.2000000e+01
   5.0000000e-01
   1.4000000e+00
   2.0000000e+01
   2.0000000e+00
   2.0000000e+01
   2.0020000e+01
   1.0000000e+01
   2.0020000e+01
   1.0000000e+01
   2.0000000e+00
   3.1750000e+00
   3.0000000e-01
   1.0000000e+00
   1.0000000e+01
   2.0600000e+00
   4.0000000e+01
   2.0000000e+00
   4.0000000e-01
   2.5500000e-01
   9.0000000e+01
   1.9000000e+01
   2.0000000e+00
   2.0000000e+00
   4.0000000e+01
   6.0100000e+00
   2.0000000e+00
   4.0000000e+00
   1.0000000e+01
   2.5000000e+01
   1.0200000e+00
   5.0000000e+00
   1.0000000e+00
   1.0000000e+00
   5.0000000e+00
   8.0000000e+00
   1.6070000e+01
   1.4000000e+01
   1.0010000e+01
   5.0000000e+00
   6.0000000e+00
   1.0000000e+00
   1.0000000e+01
