   3.5000000e+01
   3.0000000e+00
   5.0000000e+00
   1.0000000e+00
   2.0000000e+01
   1.8000000e+01
   1.4000000e+01
   3.0000000e-01
   5.0000000e+01
   3.0000000e+00
   5.5000000e+01
   1.0000000e+00
   1.5000000e+00
   3.0000000e+00
   5.0000000e+00
   2.0000000e+00
   2.0000000e+00
   4.5000000e+01
   6.0000000e+00
   5.2000000e-01
   5.0000000e+00
   1.5000000e+02
   5.0000000e-01
   4.0000000e+00
             NaN
   7.0000000e+00
   6.0000000e+01
   2.5550000e+01
   1.5000000e+01
   8.0000000e+00
   3.0000000e+00
   4.0000000e+00
   2.0000000e-01
   4.0000000e+00
   3.0300000e+01
   1.0000000e+01
   9.0000000e+00
   1.3000000e+02
   5.0000000e-01
   2.0000000e+00
   3.0000000e+01
   3.0000000e+00
   1.0000000e+00
   1.4000000e+00
   3.0000000e+01
   7.0000000e+00
   1.5900000e+01
   4.0000000e+00
   3.0000000e+00
   1.0000000e+01
   2.0000000e+00
   3.0000000e+00
   5.0000000e+01
   2.5000000e+01
   1.0000000e+00
   4.0000000e+00
   1.0000000e+00
   7.0000000e+00
   6.0000000e+01
   3.0000000e+01
   4.0000000e+00
   3.0000000e+01
   6.0000000e+00
   3.0000000e-01
   4.0000000e+00
   4.5000000e+00
   2.8000000e+01
   4.0000000e+00
   1.5000000e+01
   5.0000000e+01
   2.0000000e+00
   7.0000000e+00
   8.0000000e+00
   7.0000000e+00
   6.0000000e+00
   2.0000000e+01
   2.0000000e+00
   1.0000000e+00
   3.0000000e+00
   1.5000000e+01
   5.5000000e+00
   2.0000000e+01
   3.5000000e+01
   5.0000000e+00
   1.4000000e+01
   4.0000000e+00
   2.0000000e+00
   3.0000000e+00
   2.0000000e+00
   1.0000000e+00
   5.0000000e+00
   4.0000000e+00
   2.0000000e+00
   2.5000000e+01
   1.0000000e+00
   1.0000000e+01
   5.0000000e+00
   1.4000000e+01
   7.0000000e+00
   4.0000000e+00
   3.0000000e+00
   3.0000000e+00
   5.0000000e-01
   1.0000000e+00
   1.6000000e+00
   1.8000000e+01
   2.0000000e+00
   1.0000000e+00
   1.0000000e+01
   1.0000000e+01
   2.0000000e+01
   3.0000000e+00
   7.0000000e+00
   3.7000000e+01
   1.7000000e+01
   3.0000000e+01
   2.0000000e+00
   1.5000000e+00
   1.0000000e+01
   1.0000000e+01
   2.0000000e+00
   3.0000000e+00
   5.0000000e-01
   4.5000000e+00
   3.0000000e+00
   1.5000000e+01
   1.3000000e+01
   1.0000000e+01
   3.5000000e+00
   4.0000000e+00
   1.5000000e+00
   1.0200000e+00
   1.0300000e+00
   5.0000000e+00
   2.0000000e+01
   5.0000000e+01
   4.0000000e+00
   5.0000000e+00
   1.0000000e+01
   4.0000000e+01
   4.0000000e+01
   6.0000000e+00
   6.0000000e+00
   5.0000000e+00
   2.0000000e+00
   4.0000000e+00
   1.6000000e+01
   4.8000000e+01
   6.0000000e+00
   1.7000000e+01
   1.0000000e+00
   3.5000000e+00
   2.0000000e+00
   1.5000000e+01
   1.5000000e+01
   2.0000000e+01
   6.0000000e+00
   6.0000000e+00
   2.0000000e+00
   1.0000000e+01
   1.5000000e+00
   1.0000000e+00
   3.5010000e+01
   2.2000000e+01
   7.5000000e+00
   1.5000000e+00
   2.5100000e+00
   1.5000000e+00
   3.0000000e+00
   3.0000000e+00
   3.0000000e+00
   7.0000000e+01
   7.0000000e+00
   9.0000000e+00
   1.0000000e+00
   1.0000000e+01
   6.1000000e+01
   3.0000000e+01
   2.0000000e-01
             NaN
   2.0350000e+01
   3.0000000e+01
   2.0000000e+01
   2.0000000e-01
   4.0000000e+00
   3.5000000e+01
   5.0000000e+00
   3.0000000e+00
   9.0000000e+00
   2.0000000e+00
   1.3000000e+02
   1.1000000e+02
   2.0000000e+01
   4.1000000e+00
   1.1300000e+01
   4.0000000e+00
   5.0000000e+00
   3.5000000e+00
   3.5000000e+00
   1.9000000e+01
   4.0000000e+00
   8.0000000e+00
   6.6000000e+00
   3.0000000e+00
   2.0000000e+01
   2.0000000e+00
   1.1000000e+01
   4.0000000e+00
   4.0000000e+00
   8.0000000e+00
   2.5000000e+01
   3.0000000e+00
   4.0000000e+00
   3.8000000e+01
   1.0000000e+00
   1.5000000e+01
   1.0600000e+02
   1.7000000e+01
   2.5000000e+01
   2.3000000e+01
   5.0000000e-01
   3.7000000e+01
   3.7000000e+01
   3.0000000e+00
   3.0000000e+00
   6.2500000e+01
   3.0000000e+01
   5.0000000e+00
   6.0010000e+01
   6.0010000e+01
   3.0000000e+01
   4.0000000e+00
   2.5000000e+01
   4.5000000e+00
   3.0000000e+01
   2.5000000e+00
   2.0000000e+00
   1.0000000e+00
   3.0000000e+00
   2.0000000e+00
   1.3000000e+01
   3.0000000e+00
   7.7000000e+01
   1.8000000e+00
   2.0000000e+00
   2.0000000e+00
   4.0000000e+01
   3.0000000e+00
   1.0000000e+01
   8.0000000e-01
   2.9000000e+01
   1.0000000e+00
   1.0000000e+01
   3.0000000e+00
   1.0800000e+01
   4.0000000e+01
   3.0000000e+00
   4.0000000e+00
   4.0000000e+00
   5.0000000e+00
   2.4000000e+01
   2.4000000e+01
   1.0000000e+00
   2.0000000e+00
   1.0200000e+01
   1.3000000e+01
   4.0000000e+01
   4.0000000e+00
   1.1000000e+01
   8.0000000e+00
   4.0000000e+01
   4.0000000e+01
   2.0000000e+00
   3.0000000e+00
   3.0000000e+00
   1.5000000e+01
   1.8120000e+01
   5.0000000e+00
   5.0000000e+00
   1.0000000e+01
   2.0000000e+00
   1.0000000e+00
   1.8000000e+01
   6.0000000e+00
   2.0000000e+00
   2.0000000e+00
   4.0000000e+00
   3.9000000e+01
   2.0000000e+01
   3.0000000e+00
   7.0000000e+00
   7.0000000e+01
   1.3000000e+00
   4.0000000e+00
   5.0000000e+00
   5.0000000e+00
   1.0000000e+00
   2.0000000e+01
   9.0000000e+01
   1.5000000e+01
   4.0000000e+00
   4.0000000e+00
   1.4000000e+01
   1.4000000e+01
   5.0000000e+00
   6.0000000e+00
   6.5000000e+00
   4.0000000e+01
   2.0000000e+00
   1.0000000e+00
   5.1000000e+00
   7.0000000e+00
   3.0000000e+01
   2.0000000e+00
   2.0000000e+00
   3.5000000e+00
   2.1000000e+01
   2.4000000e+00
   1.0000000e-01
   1.0000000e+01
   9.0000000e+01
   1.1000000e+02
   2.0000000e+01
   2.0000000e+00
   3.0000000e+00
   3.5000000e+00
   1.5000000e+01
   2.0000000e+01
   3.6000000e+01
   6.0000000e+00
   2.0000000e+01
   5.0000000e-01
   1.0000000e+00
   1.0000000e+00
   3.0000000e+00
   6.0000000e+00
   1.5000000e+01
   4.0000000e+00
   2.0000000e-01
   5.0000000e+00
   3.0000000e+00
   1.0000000e+02
   2.0000000e+00
   2.0000000e+00
   1.2000000e+00
   4.0000000e+00
   3.0000000e+00
   4.0000000e+00
   1.5000000e+00
   5.0000000e+00
   6.0000000e+01
   1.4000000e+01
   3.0000000e+00
   1.5000000e+01
   1.5000000e+01
   3.5000000e+01
   3.5000000e+00
   6.0000000e+00
   3.0000000e+00
   7.0010000e+01
   9.0000000e+00
   3.0000000e+00
   5.0000000e-01
   5.0000000e+00
   5.0000000e-01
   1.0000000e+01
   7.0000000e+00
   7.0000000e+00
   1.0000000e+01
   2.5000000e+00
   4.0000000e+01
   4.5000000e+01
   5.8000000e+01
   3.0000000e+00
   1.2500000e+00
   1.0000000e+01
   1.0000000e+00
   4.0000000e+01
   4.5000000e+00
   3.0000000e+00
   7.0000000e+00
   6.0000000e+00
   2.0000000e+00
   2.0000000e-01
   7.0000000e+00
   7.0000000e+00
   3.0000000e+00
   3.0000000e+00
   1.5000000e+00
   5.0000000e-01
   1.0000000e+00
   3.0000000e+00
   4.0000000e+01
   9.5000000e+00
   1.0000000e+00
   4.0000000e+00
   1.0000000e+00
   3.0200000e+01
   7.0000000e+00
   2.1000000e+00
   1.3000000e+01
   3.0000000e+00
   1.0000000e+01
   3.0000000e+00
   3.0000000e+00
   5.0000000e-01
   4.0000000e+00
   2.0000000e+01
             NaN
   5.0000000e-01
   5.0000000e-01
   9.0000000e+01
   1.0000000e+00
   2.0000000e+00
   2.0000000e+00
   5.0000000e+00
   1.2000000e+01
   1.0000000e+01
   2.3000000e+01
   8.9000000e+00
   1.0000000e+01
   1.0800000e+01
   4.0700000e+00
   1.5400000e+00
   1.3000000e+01
   3.0000000e+00
   2.5000000e+01
   5.0000000e+00
   1.0000000e+00
   1.0000000e+01
   2.5000000e+01
   1.0000000e+01
   2.0000000e+00
   2.0000000e+00
   2.0000000e+00
   3.0000000e+00
   4.0000000e-01
   2.2000000e+01
   1.0000000e+00
   2.0000000e+00
   1.0000000e+00
   1.6000000e+01
   2.0000000e+01
   2.0000000e+00
   3.6000000e+00
   2.5000000e+01
   1.0000000e+01
             NaN
   1.1500000e+00
   3.0000000e+00
   7.0000000e-01
   8.7750000e+00
   7.0000000e+00
   5.0110000e+01
   4.0000000e+00
   1.0000000e+00
   4.0000000e+00
   1.1000000e+01
   5.5000000e+00
   2.4000000e+01
   2.0000000e+00
   1.5000000e+00
   2.7000000e+01
   5.0000000e+00
   2.0000000e+01
   4.0000000e+00
   7.0000000e+00
   6.0000000e+00
   4.0000000e+00
   1.0000000e+00
   3.0000000e+00
   7.5000000e-01
   3.0000000e+00
   1.0000000e+01
   3.2000000e+00
   1.3500000e+00
   5.0000000e+00
   3.0000000e+00
   5.0000000e+00
   7.0000000e+00
   2.0000000e+01
   1.4000000e+01
   7.5000000e+00
   8.2200000e+00
   3.0000000e+01
   3.0350000e+01
   2.5000000e+00
   6.0000000e+00
   2.0000000e+00
   5.0000000e+00
   3.0000000e+00
   8.0000000e+00
   1.0000000e+00
   8.0000000e-01
   2.0000000e+00
   1.5000000e+01
   1.2000000e+00
   1.5000000e+00
   8.0000000e+00
   1.6500000e+02
   2.5000000e+00
   2.0000000e+01
   5.0000000e+00
   8.0000000e+00
   5.0000000e+00
   2.0000000e+00
   5.0000000e+00
   2.0000000e+00
   6.0000000e+01
   2.1700000e+01
   1.5000000e+01
   1.0000000e+00
   2.0000000e+00
   2.0000000e+00
   1.0000000e+01
   4.0000000e+01
   8.0110000e+01
   3.0000000e+00
   1.5030000e+01
   3.5000000e+01
             NaN
   2.5000000e+01
   1.0000000e+01
   4.5000000e+01
   4.1000000e+01
   7.0000000e-01
   4.5000000e+01
   1.0000000e+00
   1.4000000e+02
   1.0000000e+00
   2.0000000e+01
   3.0000000e+01
   1.0000000e+01
   2.5000000e+01
   5.0000000e+00
   5.0000000e+00
   2.0000000e+00
   1.5000000e+01
   1.5000000e+00
   3.0000000e+00
   3.5000000e+00
   1.1000000e+00
   1.0000000e+02
   3.0000000e+00
   2.0000000e+00
   5.2000000e+00
   5.2000000e+00
   2.0000000e+00
   4.0000000e+00
   7.0000000e+00
   1.6000000e+02
   2.0000000e+00
   1.0000000e+00
   2.2000000e+01
   2.0000000e+01
   3.1200000e+00
   1.0600000e+00
   5.0600000e+00
   3.0000000e+00
   1.9600000e+01
   1.3000000e+01
             NaN
   5.1000000e+01
   1.2000000e+01
   8.0000000e+00
   1.0000000e+01
   1.5000000e+01
   2.0000000e+01
   1.0000000e+01
   1.0000000e+01
   5.0000000e+00
   7.5000000e+00
   8.0000000e+00
   1.8000000e+01
   4.1300000e+00
   3.0300000e+00
   3.0000000e+00
   2.0000000e+00
   2.0000000e+00
   2.0000000e+00
   1.5000000e+01
   1.2000000e+01
   2.0000000e+01
   3.6950000e+00
   1.0000000e+01
   5.0000000e+00
   3.5000000e+01
   6.3000000e+01
   3.0000000e+00
   4.0000000e+01
   5.0000000e+00
   2.1000000e+01
   5.0000000e+00
   5.0000000e+00
   3.8000000e+01
   1.0000000e+00
   5.0000000e-01
   3.0000000e+00
   6.0000000e+00
   2.0000000e+00
   7.0000000e+01
   3.0400000e+00
   3.0000000e+00
   3.0500000e+00
   1.1000000e+01
   4.0000000e+01
   1.0000000e+01
   1.0000000e+01
   1.0000000e+01
   3.0000000e+01
   3.0000000e+00
   2.0000000e+00
   1.5000000e+01
   2.5000000e+00
   1.2000000e+01
   2.0000000e+00
   5.5000000e+00
   3.0000000e+00
   6.0000000e+00
   3.0000000e+00
   8.0000000e+00
   2.0000000e+00
   7.0000000e+00
   1.7000000e+01
   2.1590000e+01
   1.0000000e+00
   3.0000000e+00
   1.2700000e+00
   9.0400000e+00
   4.0000000e-01
   5.0000000e-01
   2.5000000e+01
   7.5000000e+01
   1.1000000e+01
   2.2000000e+01
   2.0000000e+00
             NaN
   1.0000000e+01
   5.0000000e+00
   4.0000000e+00
   1.8000000e+01
   1.5000000e+00
   2.0000000e+00
   3.0000000e+00
   5.0000000e+00
   1.5000000e+01
   1.0000000e+00
   4.0000000e+01
   5.0000000e+00
   1.0000000e+00
   2.0000000e+00
   5.0000000e-01
   2.0000000e+01
   7.0000000e+00
   2.0000000e+01
   4.6000000e+01
   3.0000000e+01
   1.7000000e+01
   7.0000000e+00
   2.0000000e+00
   2.6100000e+01
   4.0000000e+00
   1.6000000e+01
   5.0000000e+00
   8.0000000e+01
   4.0000000e+00
   2.0000000e+00
   2.0000000e+00
   2.0000000e-01
   2.5200000e+00
   1.0000000e+01
   2.0000000e+00
   2.0000000e+00
   3.0000000e+00
   3.0000000e+00
   1.3000000e+01
   1.0000000e+00
   3.1000000e+01
   3.0000000e+00
   4.0000000e+00
   3.0000000e+00
   3.0000000e+00
   1.0000000e+00
   9.0000000e-01
   1.0000000e+01
   5.3000000e+00
   1.0000000e+00
   3.0000000e+00
   2.0000000e+01
   3.2000000e+01
   2.0000000e+00
   5.0000000e+00
   1.0400000e+01
   2.0000000e+00
   3.0000000e+00
   2.1300000e+01
   1.0000000e+01
   6.0000000e+00
   2.7000000e+01
   5.4000000e+01
   2.0000000e+00
   2.3000000e+00
   5.0000000e+01
   6.0000000e+00
   5.0000000e-01
   5.0000000e-01
   4.0000000e+00
   2.0000000e+00
   4.0000000e+01
   9.0000000e+01
   1.7000000e+01
   5.0200000e+00
   4.0000000e+00
   5.0000000e+00
   1.1500000e+00
   1.0000000e+00
   1.4000000e+01
   2.0000000e+00
   4.0000000e+00
   5.0000000e+00
   6.0000000e+00
   1.1000000e+00
   2.1000000e+00
   1.3000000e+01
   2.5000000e+01
   4.0000000e+00
   5.0000000e+00
   9.0000000e+00
   5.0000000e+00
   2.0000000e+01
   8.0000000e+00
   3.0000000e+00
   1.0000000e+00
   5.0000000e+00
   2.0500000e+00
   2.0000000e+00
   1.5000000e+01
   1.5000000e+01
   1.5000000e+01
   1.5000000e+01
   2.0000000e+00
   4.5000000e+00
   3.0000000e+00
   1.0000000e+00
   8.0000000e+00
   2.0000000e+00
   1.5250000e+01
   3.0000000e+00
   3.5000000e+01
   9.0000000e-01
   1.1000000e+01
   8.0000000e-01
   3.0000000e+00
   1.5000000e+00
             NaN
   3.5000000e+00
   1.5000000e+00
   1.0000000e+00
   4.0000000e+00
   3.3100000e+01
   3.0000000e+01
   1.0080000e+01
   6.0000000e+00
   6.0000000e+00
   2.0300000e+01
   1.5000000e+00
   1.0000000e+01
   2.0000000e+00
   3.0000000e+00
   8.0000000e+00
   4.0000000e+00
   7.0000000e-01
   8.0000000e+00
   5.0000000e-01
   5.0000000e-01
   4.0000000e+00
   2.0000000e+01
   1.5000000e+01
   4.6000000e+00
   3.0000000e+01
   1.0000000e+00
   2.0000000e+00
   1.5000000e+02
   2.1100000e+00
   3.0000000e+00
   3.0000000e+00
   5.0000000e+00
   4.0000000e+01
   1.1000000e+01
   5.0000000e+00
   6.0000000e+00
   3.5000000e+00
   5.0000000e+00
   1.0000000e+00
   1.0300000e+00
   9.0000000e+00
   3.5000000e+00
   8.5000000e+01
   6.5000000e-01
   5.0400000e+00
   1.1000000e+00
   1.0000000e+00
   1.2000000e+01
   6.5150000e+01
   5.0000000e+00
   1.3000000e+00
   2.5200000e+01
   1.0000000e+00
   2.0000000e+01
   7.7000000e+01
   8.0000000e-01
   2.0000000e+00
   7.0000000e+01
   8.0000000e+00
   3.0000000e+01
   5.0000000e-01
   2.0000000e+00
   4.0000000e+00
   1.5000000e+00
   1.0000000e+00
   2.0000000e+01
   3.0000000e+00
   1.0000000e+00
   1.0000000e+00
   2.1700000e+02
   1.0000000e+01
   1.0000000e+01
   9.6000000e+00
   4.0000000e+00
   2.0000000e+00
   1.0000000e+01
   1.0000000e+01
   5.0000000e+00
   1.1100000e+00
   5.0000000e+00
   5.0000000e+01
   1.0000000e+00
   1.5000000e+01
   3.5020000e+01
   5.0000000e-01
   4.0150000e+00
   2.0000000e+00
   2.5700000e+01
   2.0500000e+01
   5.0000000e+00
   4.0000000e+00
   7.0000000e+00
   7.0000000e+00
   4.6000000e+00
   1.2000000e+01
   2.0500000e+00
   7.5050000e+01
   8.0000000e+00
   9.0000000e+00
   2.5032000e+01
   2.0000000e+02
   4.0075000e+01
   1.0000000e+00
   8.0000000e+00
   8.0000000e+00
   3.0000000e-01
   9.5000000e+00
   2.1110000e+01
   2.5000000e+01
   1.5000000e+01
   2.0000000e+01
   2.0000000e+01
   3.0000000e+00
   3.0000000e+00
   1.5000000e+01
   2.0000000e+01
   7.0400000e+00
   5.0000000e+00
   6.0000000e+00
   1.2000000e+00
   3.0000000e+01
   3.0000000e+00
   4.5100000e+00
   2.0000000e+01
   7.5000000e+01
   3.0000000e+00
   4.0040000e+01
   3.5000000e+00
   4.5000000e+00
   5.0000000e+00
   5.5000000e+01
   2.0000000e+00
   3.5000000e+00
   1.0000000e+00
   4.5710000e+01
   5.0000000e+00
   7.1000000e+00
   4.0000000e+00
   4.5000000e+00
   3.0000000e+00
   1.0000000e+01
   6.0000000e+00
   2.5000000e+00
   5.0000000e+01
   6.0000000e+00
   3.0000000e+01
   6.0000000e+00
   8.0000000e+01
   3.0000000e-01
   5.0000000e+00
   1.6000000e+01
   3.0000000e+01
   1.3000000e+00
   4.0000000e+00
   5.0000000e-01
   3.5000000e+01
   3.0000000e+00
   2.0000000e+00
   1.5000000e+00
   1.0000000e+01
   3.0000000e-01
   2.0000000e+00
   3.3300000e+00
   1.3080000e+01
   2.0000000e+00
   1.5000000e+01
   4.0000000e+00
   4.0000000e+00
   4.2000000e+00
   2.5000000e+01
   1.1000000e+02
   3.2000000e-01
   9.0000000e+01
   2.5000000e+00
   3.5000000e+01
   5.0000000e-01
   2.6100000e+01
   5.0000000e+00
   3.0000000e-01
   2.0000000e+01
   3.0000000e+00
   1.0000000e+00
   7.5200000e+01
   6.1000000e+00
   3.0000000e+00
   8.6000000e+01
   7.1200000e+00
   4.0000000e+00
   5.0000000e+00
   3.0000000e+00
   4.0000000e+00
   2.0000000e+00
   5.0000000e+00
   2.0000000e+00
   2.0000000e+00
   3.5000000e+01
   7.0000000e+00
   7.0000000e+00
   7.0000000e+00
   5.0000000e+00
   4.5000000e+01
   3.5000000e+00
   6.0250000e+00
   1.0000000e+01
   1.0000000e+01
   8.0000000e-01
   1.0000000e+01
   3.0000000e+00
   2.0000000e+00
   3.5000000e+01
   3.0000000e+00
   5.0000000e-01
   5.1000000e+00
   2.5000000e+00
   5.0000000e-01
   3.0000000e+00
   1.5000000e+00
   2.0000000e+01
   1.0000000e+00
   2.0600000e+00
   3.0250000e+00
   5.0000000e+01
   3.2000000e+00
   1.3000000e+01
   6.0000000e+00
   2.3000000e+01
   9.0000000e+00
   1.0000000e+00
   3.0000000e+00
   1.5500000e+00
   4.5000000e+01
   9.0000000e+01
   1.0000000e+01
   6.0000000e+00
   1.0000000e+01
   5.0000000e+00
   1.5000000e+00
   3.5000000e+00
   4.0000000e+00
   2.0000000e+00
   1.6000000e+02
   2.0000000e+00
   4.5000000e+01
   5.0000000e+00
   1.0000000e+00
   5.0000000e+00
   3.0000000e+00
   6.0000000e+00
   2.0000000e+01
   6.5000000e+01
   6.0000000e+00
   3.0200000e+00
   2.2000000e+01
   4.4500000e+00
   5.0000000e-01
   2.2000000e+01
   6.0000000e+00
   3.0000000e+01
   5.0000000e-01
   1.8000000e+01
   2.5000000e+00
   3.0000000e+00
   1.5000000e+01
   3.0000000e+01
   1.0000000e+00
   7.0000000e+00
   1.0000000e+00
   4.0000000e-01
   2.0000000e+00
             NaN
   1.0000000e+00
   3.0000000e+01
   8.0000000e+01
   2.0015000e+01
   5.5000000e+01
   1.1000000e+00
   2.5000000e+00
   7.0000000e-01
   6.8000000e+01
   6.0000000e+01
   2.0000000e+00
   2.0000000e+00
   1.0000000e+00
   2.0000000e+00
   1.0000000e+00
   2.0000000e+00
   2.0000000e+00
   2.0000000e+00
   1.5515000e+01
   7.0000000e+00
   3.0000000e+01
   3.0000000e+00
   4.0000000e+00
   1.0000000e+01
   5.0040000e+01
   2.0000000e+01
   1.0000000e+01
   1.2000000e+01
   1.5060000e+01
   1.5000000e+01
   1.1000000e+02
   2.0000000e+01
   2.0000000e+01
   2.2000000e+00
   1.5000000e+00
   3.9000000e+01
   2.0010000e+01
   5.1000000e+00
   1.0100000e+00
   2.0000000e+00
   3.5000000e+00
   1.0000000e+00
   2.5000000e+00
   2.5000000e+01
   2.0000000e+00
   2.0000000e+00
   1.0000000e+00
   1.5000000e+00
   3.0000000e+00
   1.5200000e+00
   1.0130000e+01
   6.0000000e+00
   4.0000000e+00
   1.3000000e+01
   1.5000000e+01
   2.0000000e+00
   1.5700000e+00
   2.0000000e+00
   5.5600000e+00
   7.0000000e-01
   5.0000000e+00
   7.8000000e-01
   5.0000000e+00
   3.0000000e+00
   5.0600000e+00
   4.0000000e+00
   1.0000000e+01
   2.0000000e+00
   3.0000000e+00
   3.0000000e+01
   5.0000000e+00
   2.3000000e+02
   2.0000000e+00
   2.0000000e+00
   5.0000000e+00
   1.6000000e+01
   1.7000000e+01
   1.0000000e+00
   2.5000000e+01
   7.0000000e+00
   1.6000000e+01
   1.6000000e+01
   2.0000000e+00
   1.6600000e+00
   2.2000000e+01
   1.4000000e+01
   1.0000000e+01
   3.0000000e-01
   5.0000000e+00
   2.0000000e+00
   1.0000000e+00
   2.0000000e+00
   1.7000000e+00
   2.0000000e+00
   2.0000000e+00
   2.2000000e+01
   2.0000000e+00
   2.0000000e+00
   2.2000000e+00
   7.0000000e+00
   8.0000000e+00
   4.0000000e+00
   1.0000000e+01
   5.0000000e+00
   4.0000000e+00
   2.0000000e+01
   3.0000000e+00
   2.0000000e+01
   6.0000000e+00
   1.2000000e+01
   4.5000000e+01
   5.0200000e+00
   1.0000000e+00
   3.5000000e+00
   2.5000000e+00
   5.0000000e-01
   1.0000000e+01
   1.5000000e+01
   8.0000000e+00
   2.0000000e+01
   5.1500000e+00
   3.0000000e+00
   4.0000000e+00
   5.0000000e+00
   1.3083000e+01
   2.0000000e+00
   1.0020000e+01
   1.0000000e+01
   1.1000000e+01
   4.5000000e+01
   3.4550000e+00
   1.5000000e+00
   3.0000000e+00
   1.0000000e+00
   5.0000000e+00
   1.0000000e+00
   1.5000000e+00
   1.5000000e+00
   7.0000000e+00
   5.0000000e+00
   4.5000000e+01
   2.0000000e+00
   5.0200000e+00
   5.0000000e+00
   4.5000000e+01
   2.0150000e+01
   2.0200000e+00
   3.0000000e+00
   7.0000000e+00
   6.0000000e-01
   3.0000000e+00
   3.0000000e+00
   9.0000000e+01
   3.1000000e+00
   2.0000000e+00
   3.9000000e+01
   5.0000000e-01
   5.0000000e+00
   1.0000000e+00
   2.0300000e+00
   2.5020000e+01
   1.5030000e+01
   3.0110000e+01
   2.5000000e+01
   3.4000000e+01
   1.5800000e+01
   2.0000000e+01
   5.0000000e+00
   3.0020000e+01
   1.5000000e+01
   3.2000000e+01
   1.0000000e+00
   4.0000000e+00
   7.5000000e+01
   1.5000000e+01
   1.5000000e+01
   5.2000000e+01
   3.0000000e+00
   2.0000000e+00
   8.0000000e+01
   1.9040000e+01
   6.0000000e+00
   8.0000000e+00
   5.0200000e+00
   1.0000000e+01
   3.7000000e-01
   5.0000000e-01
   1.5000000e+01
   6.0000000e+00
   3.0000000e+00
   5.0000000e+00
   1.0000000e+00
   1.0000000e+00
   4.5000000e+01
   1.1000000e+02
   5.2500000e+00
   4.0000000e+00
   4.0000000e+00
   2.0000000e+01
   4.0000000e+01
   1.0000000e+00
   1.2000000e+01
   3.0000000e+01
   6.0000000e+00
   1.0000000e+00
   1.0000000e+00
   1.0000000e+00
   3.0000000e+00
   1.5000000e+01
   1.5900000e+01
   1.6000000e+01
   1.0000000e+00
   3.0000000e+01
   5.0000000e+00
   1.3000000e+01
   6.0000000e+00
   1.8000000e+01
   6.5000000e+00
   6.0000000e+00
   3.5000000e+00
   2.5010000e+01
   1.5000000e+00
   3.0000000e+01
   1.3750000e+01
   1.3000000e+00
   3.0000000e+00
   3.2000000e+00
   3.0000000e-01
   8.0000000e+00
   4.5020000e+01
   1.0000000e+00
   1.0000000e+00
   5.0000000e+00
   1.0000000e+01
   3.0000000e+00
   5.0000000e+00
   5.0000000e+01
   5.0000000e-01
   5.0000000e+00
   1.0000000e+01
   1.0000000e+00
   1.3000000e+00
   1.5200000e+00
   2.0100000e+00
   5.0000000e+00
   1.2000000e+01
   5.1500000e+00
   3.1500000e+00
   1.0150000e+01
   6.0000000e+00
   6.0000000e+00
   3.1000000e+00
   1.5000000e+00
   2.0000000e+01
   1.0200000e+00
   4.0000000e+00
   1.0200000e+00
   5.0200000e+00
   1.0160000e+01
   1.1050000e+01
   4.5000000e+00
   4.0000000e+01
   1.5000000e+01
   3.0000000e+00
   2.0000000e+00
   7.0250000e+00
   1.5000000e+01
   1.0000000e+00
   4.5000000e+00
   2.5000000e+01
   5.0200000e+00
   5.0200000e+00
   1.9500000e+00
   3.6000000e+00
   2.0200000e+00
   2.0000000e+00
   1.5000000e+00
   2.5000000e+00
   2.0000000e+01
   5.0000000e+01
   8.0000000e+00
   1.5000000e+01
   2.0000000e+00
   7.0000000e+00
   1.0000000e+00
   7.5000000e+01
   3.0000000e+01
   1.0110000e+01
   7.0200000e+00
   3.8300000e+01
   1.0200000e+00
   2.2000000e+01
   1.5000000e+01
   3.0000000e+00
   5.0000000e+00
   7.0000000e+00
   1.0000000e+00
   1.0000000e+00
   7.0000000e-01
   1.5000000e+01
   6.0000000e+00
   1.3000000e+01
   1.0000000e+00
   9.6000000e+00
   9.0500000e+00
   1.8000000e+01
   8.0000000e+01
   1.0000000e+01
   5.4000000e+00
   3.0000000e+01
   1.0000000e+01
   2.1200000e+00
   1.0000000e+00
   1.3000000e+01
             NaN
   1.0000000e+00
   3.0000000e+00
   3.0000000e+00
   2.0000000e+01
   5.5000000e+00
   5.0000000e+00
   1.0050000e+01
   8.5100000e+01
   3.0000000e+00
   3.0000000e+01
   5.0000000e+00
   1.2000000e-01
   3.0500000e+00
   1.0000000e+01
   1.7000000e+01
   3.0000000e+00
   1.0000000e+01
   1.0000000e+01
   1.5000000e+01
   5.0000000e+00
   1.4000000e+01
   3.0000000e+00
   2.5000000e+00
   2.0000000e+01
   3.0000000e+00
   5.0000000e+00
   3.0000000e+00
   4.0000000e+00
   2.0000000e+00
   2.5000000e+01
   2.0000000e+00
   1.0000000e+01
   7.0000000e+01
   1.0000000e+01
   8.5000000e-01
   2.0000000e+01
   3.0000000e+01
   3.5000000e+00
   4.5000000e+00
   4.0000000e+00
   3.5000000e+00
   1.0000000e+01
   4.0000000e+00
   1.8000000e+01
   4.5000000e+01
   1.0000000e+01
   8.2000000e+00
   6.0200000e+01
   1.0000000e+01
   1.0000000e+00
   6.0000000e+00
   2.5000000e+00
   3.0000000e+01
   2.0000000e+01
   4.0000000e+00
   4.1000000e+00
   2.5000000e+00
   4.6000000e+00
   2.0000000e+00
   2.0000000e+01
   4.0000000e+00
   6.0000000e+00
   4.0000000e+00
   6.5000000e+00
   2.7000000e+01
   5.0000000e+00
   4.0000000e+00
   2.0000000e+00
   2.5000000e+00
   3.0000000e+00
   1.0400000e+01
   3.5350000e+00
   1.0000000e+01
   2.0000000e+00
   2.0000000e+00
   1.0000000e+00
   1.3000000e+00
   5.0000000e+00
   5.0000000e+01
   2.8000000e+01
   3.0100000e+00
   2.5000000e+00
   7.0000000e+00
   3.0000000e+00
   2.0000000e+00
   1.5000000e+01
   1.0000000e-01
   5.0000000e+00
   1.3000000e+01
   3.0000000e+00
   1.2000000e+01
   3.0400000e+01
   3.0000000e+01
   8.0000000e+01
   2.5000000e+01
   2.0000000e+01
   1.3000000e+01
   2.3020000e+01
   3.0020000e+01
   1.2000000e+01
   2.2000000e+01
   2.0000000e+02
   5.0000000e+00
   1.2000000e+00
   3.0000000e-01
   3.0000000e+00
   6.0000000e+00
   2.0000000e+00
   1.6000000e+01
   4.5000000e+01
   2.0200000e+00
   1.7200000e+00
   2.5000000e+00
   2.0000000e+00
   4.0000000e+00
   5.0000000e+01
   3.2500000e+01
   2.0000000e-01
   6.5000000e+01
   3.0000000e+00
   2.0000000e+00
   9.0000000e+00
   5.5000000e+00
   2.0000000e+00
   1.0000000e+00
   1.0000000e+00
   5.7000000e-01
   7.0000000e+00
   2.5000000e+00
   2.5000000e+01
   1.0000000e+00
   8.0000000e+00
   5.0000000e-01
   5.0000000e-01
   2.0000000e+00
   1.0000000e+00
   5.0000000e+00
   5.0000000e+00
   4.0000000e+00
   2.0000000e+01
   6.0000000e+00
   3.0000000e+00
   4.0000000e+01
   8.0000000e-01
   1.0100000e+01
   5.0000000e-01
   4.0000000e+00
   3.0000000e+01
   1.9000000e+00
   1.0200000e+00
   4.0000000e+00
   8.0000000e+00
   1.0000000e+00
   1.0000000e+00
   6.5000000e-01
   4.0010000e+01
   5.0000000e+00
   2.1500000e+00
   1.0000000e+01
   3.0000000e+00
   1.5000000e+00
   2.6000000e+01
   6.0000000e+01
   2.0100000e+00
   2.0200000e+00
   3.0000000e+00
   6.5000000e+00
   1.0000000e+00
   1.0000000e+00
             NaN
   1.0000000e+00
   2.0200000e+00
   1.0000000e+00
   5.0000000e+00
   2.7000000e+00
   7.0000000e+01
   4.1035000e+01
   2.0500000e+00
   5.0000000e+00
   2.0400000e+01
   1.0000000e+02
   1.0000000e+00
   1.0000000e+00
   2.5000000e+01
   5.5000000e+00
   2.0000000e+00
   1.0500000e+01
   2.0000000e+01
   1.6000000e+00
   7.5000000e+01
   1.5000000e+00
   1.0200000e+01
   3.0000000e+00
   2.0000000e+00
   2.3000000e+01
   6.0000000e+00
   3.0000000e+00
   1.5000000e+00
   1.5000000e+01
   1.0000000e+01
   3.5120000e+01
   2.5180000e+01
   2.0040000e+01
   2.2000000e+00
   2.0000000e+00
   3.0000000e+00
   1.2000000e+01
   1.0850000e+01
   2.0000000e+00
   2.0000000e+00
   5.0000000e+00
   1.9000000e+01
   1.0000000e+00
   2.5000000e+01
   1.1750000e+00
   4.0020000e+01
   2.0500000e+00
   1.5020000e+01
   2.5000000e+00
   1.5000000e+01
   1.0000000e-01
   1.0000000e+01
   2.0000000e+01
   5.0000000e-01
   3.0000000e+01
   4.0000000e+00
   4.0000000e+00
   2.0000000e+01
   2.0000000e+00
   3.0000000e+00
   3.0000000e+00
   3.0000000e+00
   2.0000000e-01
   5.0000000e+00
   9.0000000e+00
   5.0000000e+00
   5.0000000e+00
   2.0000000e+01
   2.0000000e+00
   2.0000000e+00
   8.0000000e-01
   2.0100000e+01
   6.0300000e+01
   2.0000000e+00
   8.0000000e+00
   2.0000000e+00
   1.0000000e+01
   1.0000000e+01
   1.9000000e+01
   1.5000000e+00
   2.0000000e+01
   1.6000000e+01
   2.5000000e+00
   3.1500000e+00
   1.0000000e+00
   2.0000000e+01
   5.1000000e+00
   3.0000000e+00
   4.0200000e+00
   1.4000000e+01
   1.0300000e+01
   2.5000000e+00
   1.3000000e+01
   3.0800000e+00
   2.5020000e+01
   3.0100000e+00
   3.0600000e+00
   2.0100000e+00
   1.3000000e+01
   1.0200000e+00
   5.0250000e+00
   4.0100000e+00
   8.3000000e+00
   5.0000000e-01
   5.0000000e+00
   5.2000000e-01
   3.7000000e+00
   3.3550000e+01
   3.3150000e+00
             NaN
             NaN
   4.5045000e+01
   2.3000000e+00
   2.5000000e+00
   7.0000000e+00
   4.5500000e+00
   4.0600000e+00
   1.7500000e+00
   2.7300000e+02
   6.0000000e+00
   1.0000000e+01
   6.0000000e+00
   2.0200000e+00
   8.3100000e+00
   6.0000000e+00
   5.3500000e+00
   2.0000000e+00
   2.0000000e+00
   2.2000000e+01
   6.5000000e+00
   2.0000000e+00
   1.6000000e+01
   8.0000000e+01
   4.0000000e+00
   3.5000000e+00
   2.0000000e+00
   5.0000000e-01
   6.0020000e+01
   2.5000000e+00
   2.5000000e+00
   3.0000000e+01
   3.0000000e+00
   1.0000000e+00
   2.0000000e+00
   2.0000000e+00
   9.5000000e+01
   1.5000000e+00
   5.0000000e+00
   8.0000000e+00
   8.0000000e+00
   7.6000000e+00
   8.9000000e+01
   5.0200000e+00
   9.0000000e+00
   1.5000000e+01
   1.5000000e+01
   1.0000000e+01
   2.7000000e+01
   3.0000000e+01
   2.5000000e+01
   2.5000000e+01
   7.1000000e+00
   1.1000000e+00
   1.5100000e+01
   3.0000000e+01
   1.0000000e+00
   1.6600000e+01
   3.0000000e+00
   2.0000000e+00
   7.3000000e-01
   1.0200000e+00
   1.0200000e+00
   1.8000000e+01
   1.0000000e+00
   1.3000000e+00
   7.9500000e+00
   5.6000000e+00
   1.0700000e+00
   2.0000000e+00
   2.0000000e+01
   1.0000000e+00
   2.0000000e+00
   2.0000000e+00
   2.0000000e+00
   2.1020000e+01
   1.5020000e+01
   2.6105000e+01
   3.0000000e+00
   2.0350000e+00
   1.0000000e+00
   1.0000000e+00
   1.0000000e+00
   8.0000000e+00
   8.0200000e+00
   1.5100000e+01
   1.0000000e+01
   5.0000000e+00
   2.0000000e+00
   8.0050000e+01
   7.0500000e+00
   2.0000000e+00
   4.0000000e+00
   6.2000000e+01
   3.0000000e+00
   1.5000000e+01
   1.5000000e+01
   1.0000000e+01
   6.2000000e+01
   5.0000000e+01
   3.0200000e+00
   8.0050000e+01
   6.5000000e+00
   2.7000000e+00
   5.0000000e+01
   2.0000000e+01
   7.1100000e+00
   6.0000000e+00
   2.0000000e+00
   7.0000000e+00
   2.1500000e-01
   1.0000000e+00
   4.5000000e+01
   6.0200000e+00
   3.0000000e+00
   8.0200000e+00
   3.0025000e+01
   3.0000000e+00
   5.0500000e+00
   1.0000000e+00
   1.0000000e+00
   3.0000000e+01
   1.5020000e+01
   6.2000000e-01
   2.0000000e+00
   5.8000000e+01
             NaN
   2.0000000e+01
   2.1500000e+00
   2.0000000e+00
   2.5000000e+00
   4.5020000e+00
   1.0000000e+00
   2.0200000e+00
   3.7100000e+00
   5.0000000e+00
   2.0000000e+00
   5.0000000e+00
   2.7000000e+01
   3.1500000e+00
   1.0000000e+00
   4.0000000e+00
   1.0000000e+00
   5.0000000e+00
   1.0500000e+00
   2.5000000e+00
   2.0000000e+01
   1.5000000e+00
   2.0000000e+01
   3.0000000e+00
   2.0000000e+00
   2.5000000e+00
   1.7500000e+00
   4.5000000e+00
   1.1000000e+02
   5.0000000e+00
   1.0200000e+00
   4.0300000e+00
   1.1100000e+00
   1.0000000e+00
   5.2000000e+00
   2.0000000e+01
   6.2000000e+01
   3.0000000e+00
   2.0000000e+00
   8.0000000e+00
   2.0000000e+01
   3.5000000e+01
   1.5000000e+01
   2.7730000e+01
   2.0000000e+00
   2.0000000e+00
   2.0000000e+00
   2.0030000e+01
   3.3000000e+00
   2.0000000e+00
   5.5000000e+01
   5.0000000e+00
   5.0600000e+00
   4.0000000e+00
   5.0000000e+00
   7.0000000e+01
   2.0000000e+00
   1.0000000e+00
   5.0000000e-01
   2.0000000e+00
   6.0000000e+00
   6.0000000e+01
   8.4000000e+00
   5.0000000e-01
   1.0000000e+01
   2.0000000e+01
   8.2000000e-01
   3.0000000e+01
   8.0000000e+01
   4.8000000e+01
   1.4020000e+01
   4.0000000e+00
   2.0000000e+00
   2.0000000e+00
   3.0000000e+00
   1.5000000e+00
   5.5000000e+01
   1.0000000e+00
   3.0000000e+01
   2.0000000e+00
   3.2000000e+01
   4.0000000e+00
   2.0000000e+00
   2.0000000e+00
   2.0000000e+00
   4.5000000e+01
   1.0000000e+01
   1.3000000e+01
   1.5000000e+01
   6.5000000e+00
   7.0200000e+00
   1.9900000e+01
   3.1000000e+00
   2.0200000e+00
   2.0000000e+00
   2.1000000e+01
   1.0000000e+01
   2.5000000e+01
   2.0000000e+00
   5.0000000e-01
   2.0000000e+00
   2.0000000e+00
   2.0000000e+01
   5.0500000e+00
   5.0000000e-01
   4.0000000e+00
   3.0000000e+00
   2.0000000e+00
   1.0000000e+00
   1.0000000e+00
   1.0000000e+00
   1.0000000e+00
   7.0000000e+01
   3.0000000e+00
   3.3020000e+01
   6.0200000e+00
   4.0200000e+00
   6.0000000e+00
   1.0000000e+00
   2.0400000e+00
   2.0000000e+01
   7.0000000e+00
   3.0000000e+01
   1.5000000e+01
   2.0000000e-01
   5.0000000e-01
   2.0000000e+01
   7.3000000e+00
   1.8000000e+01
   2.0000000e+00
   1.3750000e+00
   1.5000000e+01
   8.0000000e-01
   3.5000000e+01
   8.0000000e+00
   1.3000000e+01
   2.5300000e+00
   3.0650000e+00
   5.0000000e+00
   6.0000000e+01
   9.0000000e+00
   3.0000000e+00
   1.2000000e+01
   4.0000000e+00
   3.0000000e-01
   2.0000000e+01
   4.0000000e+00
   5.0000000e+00
   2.0000000e+00
   1.0000000e+00
   8.0000000e+00
   4.0000000e-01
   7.0000000e+01
   5.0000000e+01
   5.0000000e-01
   3.0000000e+01
   1.0000000e+00
   3.0000000e+00
   1.0000000e+01
   3.0300000e+01
   2.3000000e+01
   8.0600000e+00
   1.2000000e+01
   4.0000000e-01
   1.7000000e+00
   2.0000000e+00
   2.0000000e+00
   2.0000000e+01
   3.0000000e+00
   2.0020000e+01
   2.0000000e+01
   1.0000000e+01
   2.0020000e+01
   5.0000000e+01
   2.0000000e+00
   1.0000000e+00
   1.1000000e+01
   6.0100000e+00
   5.0000000e-01
   4.0000000e+01
   3.2000000e+00
   3.5000000e+01
   4.1000000e+01
   1.0000000e+01
   2.5000000e+00
   2.0600000e+00
   2.0000000e+01
   4.0000000e+01
   1.5020000e+01
   7.0000000e+00
   1.8020000e+01
   6.0100000e+00
   4.0020000e+01
   6.5200000e+00
   5.2000000e+00
   4.0000000e-01
   2.5500000e-01
   2.0100000e+00
   3.0000000e+00
   3.0000000e+00
   2.0000000e+00
   5.0000000e+00
   3.0000000e+00
   1.2000000e+01
   1.0200000e+00
   1.0000000e+00
   2.0000000e+00
   3.5000000e+00
   4.0000000e+01
   6.0100000e+00
   5.0000000e+00
   2.5000000e+01
   3.5000000e+01
   5.0000000e+00
   1.0000000e+00
   1.0000000e+00
   8.0000000e+00
   2.0200000e+00
   4.0000000e+00
   5.0000000e+00
   6.0000000e+00
   4.0000000e+00
   4.5000000e+01
   1.7000000e+01
   1.0000000e+00
   1.0000000e+01
   6.0000000e+00
