   7.0000000e+00
   2.0000000e+01
   2.0000000e+01
   1.0000000e+00
   1.0000000e+01
   5.0050000e+01
   3.3020000e+01
   9.0000000e+00
   1.4000000e+01
   8.0000000e+00
   6.0000000e+00
   3.0000000e+00
   3.0000000e+00
   4.9000000e+01
   8.0000000e+00
   1.0000000e+00
   1.2000000e+01
   3.0000000e+00
   3.0000000e+00
   2.0000000e+01
   1.0000000e+01
   3.0000000e+01
   1.0000000e+01
   1.0000000e+01
   5.0000000e+00
   5.0000000e+00
   1.0000000e+01
   4.0000000e+00
   4.0000000e+00
   6.0000000e+00
   1.6000000e+01
   2.0000000e+00
   1.0000000e+01
   4.0000000e+00
   7.0000000e-01
   2.5000000e+00
   7.5000000e+00
   2.5000000e+00
   1.5000000e+01
   3.0000000e+00
   3.0000000e+01
   3.4000000e+01
   3.9000000e+01
   1.3000000e+01
   7.0000000e+00
   6.0000000e+00
   4.0000000e+00
   7.0000000e+00
   7.0000000e+00
   1.0400000e+01
   1.5000000e+01
   1.5000000e+01
   4.0000000e+00
   2.4000000e+01
   7.0000000e+00
   2.0000000e+00
   7.5000000e+00
   1.7000000e+01
   1.9000000e+01
   7.2100000e+00
   1.0000000e+01
   5.0000000e+00
   8.0000000e+00
   2.0000000e+00
   2.5000000e+00
   1.1000000e+01
   2.8000000e+01
   1.3000000e+01
   3.0000000e+00
   1.5000000e+01
   1.2000000e+01
   1.5000000e+01
   3.0000000e+00
   1.3500000e+01
   1.0000000e+01
   2.5000000e+01
   1.5200000e+00
   1.4000000e+01
   3.0000000e+01
   8.0000000e+00
   3.0000000e+01
   1.0000000e+00
   3.0000000e+01
   8.0300000e+00
   1.5000000e+01
   1.5000000e+01
   7.0000000e+00
   7.0000000e+00
   5.0000000e+00
   1.0000000e+01
   6.0000000e+00
   8.0000000e+00
   1.5000000e+01
   3.0000000e+00
   7.0000000e+00
   3.0000000e+00
   3.0000000e+00
   3.0000000e+00
   4.0000000e+00
   6.0000000e+00
   2.5000000e+01
   3.0000000e+01
   5.0000000e+00
   2.0000000e+00
   6.0000000e+00
   6.0000000e+00
   4.0000000e+00
   2.5050000e+01
   4.0000000e+00
   3.7000000e+00
   1.0000000e+00
   7.0000000e+00
   1.5000000e+00
   1.6000000e+01
   2.5000000e+00
   1.2000000e+01
   1.0000000e+01
   8.0000000e-01
   8.0000000e-01
   1.9000000e+01
   1.5030000e+01
   5.0000000e+00
   7.0000000e+00
   3.6000000e+00
   3.5050000e+01
   2.0000000e+00
   1.0020000e+01
   2.0000000e+01
   1.1000000e+01
   1.1000000e+01
   1.0010000e+01
   1.0000000e+01
   4.0000000e+00
   2.2000000e+01
   5.0000000e+00
   9.0000000e+00
   1.3000000e+01
   2.0800000e+00
   5.0000000e+00
   1.5000000e+00
   3.0000000e+00
   6.0000000e+00
   1.0000000e+02
   6.0000000e+00
   5.5000000e+01
   1.0000000e+01
   1.0000000e+01
   2.0030000e+01
   6.5000000e+00
   6.0000000e+00
   8.0000000e+00
   6.5000000e+01
   2.5000000e+01
   1.0000000e+01
   2.0000000e+00
   3.5000000e+01
   4.1025000e+01
   3.5000000e+01
   2.5000000e+01
   1.0000000e+01
   6.0000000e+00
   2.0200000e+00
   1.2000000e+01
   1.0000000e+01
   4.5000000e+01
             NaN
   3.0000000e-01
   2.0000000e+01
   1.2000000e+01
   3.2400000e+01
   3.0000000e+00
   3.1000000e+00
   9.7000000e+01
   4.0000000e+00
   4.5000000e+01
   1.5000000e+00
   1.2050000e+01
   1.2000000e+01
   8.5000000e+01
   1.4400000e+01
   5.0000000e+01
   4.0000000e+00
   5.0000000e+00
   4.5000000e+00
   1.8100000e+00
   1.2000000e+01
   1.0000000e+00
   3.0000000e+00
   7.0000000e+00
   4.0000000e+01
   2.0000000e+00
   2.0000000e+01
   1.5150000e+01
   1.3000000e+01
   1.0000000e+00
   1.6000000e+00
   1.8000000e+02
   3.5000000e+01
   9.9000000e+00
   6.0000000e+00
   2.3000000e+01
   1.5000000e+02
   1.9000000e+01
   4.0020000e+01
   1.0900000e+01
   6.0000000e+00
   1.9020000e+01
   1.0000000e+01
   2.4000000e+02
   2.8000000e+01
   4.0000000e+00
   2.0000000e+01
   3.1000000e+01
   9.0000000e+00
   4.0000000e+00
   1.0000000e+01
   2.0000000e+01
   5.0000000e+00
   8.0150000e+00
   2.5000000e+01
   2.8000000e+01
   7.0000000e+00
   1.0020000e+01
   6.0000000e+00
   5.0000000e+00
   6.0000000e+00
   3.0000000e+01
   2.0200000e+00
   1.6000000e+01
   8.0000000e+00
   8.0000000e+00
   1.6500000e+01
   3.2000000e+01
   3.0000000e+00
   1.5000000e+01
   4.1050000e+01
   3.0000000e+00
   1.0000000e+01
   3.5000000e+01
   2.0000000e+00
   8.0000000e+00
   3.0000000e+01
   2.0000000e+01
   1.2000000e+01
   1.4000000e+01
   1.0000000e+01
   2.5000000e+01
   1.5000000e+01
   5.3000000e+00
   5.0000000e+00
   2.2000000e+01
   1.0000000e+00
   1.0010000e+01
   7.9000000e+00
   1.9000000e+01
   3.0000000e+01
   1.8150000e+01
