   1.0000000e+00
   2.0000000e+01
   3.0000000e+00
   3.0000000e+01
   3.8000000e+01
   1.0000000e+01
   4.0000000e+00
   2.0000000e+00
   2.0000000e+00
   6.0000000e+00
   6.0000000e+00
   4.0000000e+00
   3.0000000e+00
   2.0000000e+01
   2.5200000e+01
   4.0000000e+00
   9.0000000e+00
   1.2000000e+01
   5.0000000e+00
   3.0000000e+01
   2.5000000e+00
   3.5000000e+01
   1.0500000e+02
   5.0000000e+00
   6.0000000e+00
   3.0000000e+00
   1.5000000e+02
   5.0000000e+01
   8.0000000e+00
   2.1000000e+02
   1.0000000e+00
   4.0000000e+00
   3.5500000e+01
   2.0000000e+01
   8.0000000e+00
   3.0000000e+01
   5.0000000e+01
   1.0000000e+01
   8.0000000e+00
   4.0500000e+01
   3.3000000e+01
   4.0000000e+00
   3.5100000e+01
   3.0000000e+00
   1.8000000e+00
   1.6000000e+00
   1.0050000e+01
   1.0000000e+01
   2.0000000e+00
   1.0000000e+00
   1.6000000e+01
   1.2000000e+01
             NaN
   4.0000000e+01
   3.0000000e+01
   3.0000000e+00
   1.0000000e+01
   6.0000000e+00
   2.0000000e+00
   2.0000000e+00
   2.0000000e+00
   2.0000000e+00
   2.0000000e+00
   1.5000000e+01
   7.0000000e+00
   1.0000000e+01
   1.0000000e-01
   1.5000000e+01
   4.0000000e+00
   1.6000000e+01
   3.5000000e+01
   4.0000000e-01
   1.8000000e+01
   2.5000000e+01
   3.0000000e+00
   1.6000000e+00
   1.6000000e+00
   3.0000000e+00
   1.5000000e+01
   1.0000000e+00
   2.0000000e+01
   1.0000000e+01
   3.0000000e+00
   8.0000000e+00
   7.0000000e+01
   1.0000000e+00
   6.0000000e+00
   7.0000000e+01
   8.0000000e+01
   1.3000000e+01
   6.0000000e+00
   5.0000000e+00
   3.0000000e+00
   6.5000000e+01
   7.0000000e+00
   3.0000000e+01
   3.0500000e+00
   2.0000000e+01
   6.0000000e+00
   5.0000000e+00
   1.0000000e+01
   3.0000000e+00
   3.5025000e+01
   1.0000000e+01
   1.5000000e+01
   3.0000000e+01
   2.0300000e+00
   6.7000000e+01
   3.5000000e+01
   6.0000000e+00
   2.7020000e+01
   2.7020000e+01
   2.5000000e+01
   2.0000000e+00
   4.0000000e+00
   4.0000000e+01
   2.0000000e+01
   9.0000000e-01
   2.0000000e+00
   3.5700000e+02
   8.0000000e+00
   5.0000000e+00
   1.0000000e+01
   3.0000000e+01
   1.0000000e+00
   1.0000000e+00
   3.0000000e+01
             NaN
   1.5000000e+01
   3.0000000e+00
   5.0000000e+01
   4.0000000e+00
   8.0000000e+00
   3.0000000e+00
   3.0000000e+00
   2.0000000e+00
   2.0000000e+00
   1.4000000e+01
   5.8000000e+01
   2.0000000e+00
   3.0000000e+00
   1.5000000e+00
   8.0000000e+00
   3.0000000e+00
   6.0000000e+00
   2.0000000e-01
   2.0000000e-01
   1.0000000e+00
   4.5000000e+01
   2.0000000e+00
   5.0000000e+01
   2.0000000e+00
   1.0000000e+00
   1.0000000e+00
   1.2000000e+01
   3.5000000e+01
   6.0000000e-01
   6.0000000e-01
   3.0000000e+00
   8.5000000e+01
   3.0000000e+00
   3.0000000e+00
   3.0000000e+00
   3.0000000e+00
   3.0000000e+00
   9.0000000e+00
   1.5000000e+00
   1.2550000e+01
   4.0000000e+00
   1.0500000e+00
   2.0000000e+01
   2.0000000e+00
   3.0000000e+00
   2.1000000e+00
   5.0000000e+00
   3.0000000e+01
   3.0000000e+00
   1.0000000e+01
   1.5000000e+01
   2.0000000e+00
   2.5000000e+01
   8.0000000e+00
   5.1000000e+00
   1.5000000e+02
   1.0000000e+00
   3.0000000e+00
   2.7000000e+01
   5.0000000e+01
   1.0000000e+01
   2.0000000e+01
   6.0000000e+00
   8.0000000e+00
   3.0000000e+00
   5.0000000e+00
   6.0000000e-01
   1.0000000e+00
   5.0000000e+00
   1.4000000e+02
   3.5000000e+01
   2.0000000e+00
   2.0000000e+01
   1.3000000e+01
   7.0000000e+00
   5.0000000e+00
   2.0000000e+01
   3.0000000e+00
   2.2000000e+01
   1.5000000e+01
   1.5000000e+01
   2.5000000e+01
   1.0000000e+01
   1.0000000e+01
   3.0000000e+00
   3.0000000e+00
   1.5000000e+01
   2.0000000e+01
   7.0000000e+00
   7.0000000e+00
   4.5000000e+01
   5.0000000e-01
   7.5000000e+00
   1.7000000e+01
   1.5500000e+01
   6.0000000e+00
   3.0000000e+00
   5.0000000e+00
   1.0000000e+00
   1.5000000e+00
   1.0000000e+01
   1.4000000e+02
   1.7000000e+01
   3.0000000e+00
   1.0000000e+00
   3.0000000e-01
   1.0000000e+00
   5.0000000e+00
   3.0400000e+00
   3.0000000e+00
   5.0000000e+00
   1.5000000e+01
   5.0000000e+00
   2.0000000e+01
   2.0000000e+01
   3.0000000e+00
   2.5000000e+01
   6.0000000e+00
   8.0000000e+00
   1.8000000e+01
   1.0000000e+01
   3.0000000e+01
   2.0000000e+01
   4.0000000e+01
   4.1000000e+00
   2.5000000e+01
   5.0000000e+00
   4.8000000e+01
   3.0000000e+00
   1.2000000e+02
   2.0000000e+00
   3.5600000e+01
   6.0000000e+00
   3.0000000e+00
   3.0000000e+00
   1.0000000e+00
   1.0000000e+00
   3.0000000e+01
   3.0000000e+01
   2.0000000e+00
   5.0000000e-01
   2.0000000e+01
   2.0000000e+00
   6.0000000e+00
   1.5000000e+01
   2.5000000e+01
   3.0000000e+00
   1.5000000e+01
   1.5000000e+01
   3.0000000e+01
   2.0000000e+00
   3.0000000e+01
   1.0000000e+00
   1.0000000e+01
   5.0000000e+00
   2.0000000e+00
   1.0000000e+01
   4.0000000e+01
   3.0000000e+01
             NaN
   8.0000000e+01
   5.0000000e+00
   8.0000000e+00
   6.0000000e+00
   2.0000000e+00
   2.0000000e+00
   3.0000000e+00
   6.5000000e+00
   2.7000000e+00
   8.0000000e+00
             NaN
   3.0000000e+00
   7.0000000e+00
   4.5000000e+00
   5.0000000e-01
   4.0000000e+00
   3.5000000e+01
   4.0000000e+00
   3.0000000e+00
   3.0000000e+00
   4.0000000e+00
   1.0000000e+01
   2.0000000e+01
   3.0000000e+00
   5.0000000e+00
   1.0000000e+01
   2.0000000e+02
   4.5010000e+01
   2.0000000e+00
   2.0000000e+00
             NaN
   2.7000000e+01
   6.0200000e+01
   8.0000000e+00
   1.0000000e+01
   9.0000000e+00
   3.8000000e+01
   6.0000000e+00
   1.2000000e+01
   2.0000000e+00
   2.5000000e+01
   2.0000000e+00
   2.0000000e+00
   5.0000000e+00
   5.0000000e+00
   8.0000000e+01
   5.0200000e+00
   3.0000000e+01
   1.0000000e+01
   1.2000000e+01
   2.0000000e+01
   4.5000000e+01
   5.0000000e+00
   1.1000000e+01
   2.0000000e+00
   4.0000000e+00
   4.0000000e+00
   2.0000000e+01
   2.3000000e+01
   5.0000000e+00
   2.0000000e+01
   1.5000000e+01
   6.0000000e+00
   2.5500000e+01
   2.0000000e+00
   1.0000000e+00
   1.0000000e+00
   1.0000000e+00
   6.0000000e+00
   1.0000000e+00
   1.0000000e+00
   3.5000000e+00
   1.3002000e+02
   3.0000000e+01
   1.0000000e+00
   4.0000000e+01
   6.0000000e+00
   1.0000000e+01
   9.0000000e+00
   6.0000000e+00
   2.0000000e+00
   2.0000000e+01
   3.0000000e+01
   6.0000000e+00
   2.5000000e+01
   2.0000000e+00
   2.0000000e+00
   1.0000000e+02
   1.0000000e+01
   1.0000000e+00
   7.0000000e+00
   3.0000000e+01
   1.5000000e+00
   4.0000000e+01
   5.0000000e+00
   1.5000000e+02
   1.0000000e+00
   2.5000000e+01
   1.0000000e+01
             NaN
   2.0000000e+00
   1.5000000e+01
   2.5000000e+01
   2.0000000e+00
   5.0000000e+01
   6.9000000e+01
   2.5000000e+00
   1.0000000e+01
   1.5000000e+01
   2.0000000e+01
   5.0000000e+00
   3.5000000e+00
   3.0000000e+00
   8.0000000e+00
   1.0000000e+01
   5.0000000e+01
   5.0000000e+00
   1.0000000e+01
   6.0100000e+01
   6.0000000e-01
   3.0000000e+01
   1.8000000e+01
   4.0000000e+01
   3.0000000e+01
   2.5000000e+01
   2.5000000e+00
   3.0000000e+00
   3.0000000e+00
   4.0000000e+01
   3.0000000e+00
   5.0000000e+01
   1.0000000e+00
   8.0000000e+00
   2.0000000e+00
   7.0000000e+01
   2.4000000e+02
   4.8000000e+01
             NaN
   1.5000000e+01
   5.5000000e+01
   2.0500000e+01
   5.0000000e+00
   3.0000000e+00
   1.0000000e+02
   3.0000000e+00
   1.7000000e+01
             NaN
   3.0000000e+00
   6.0000000e+00
   6.0000000e+00
   7.0000000e+00
   7.0000000e+00
   8.0000000e-01
   7.0000000e+00
   4.0000000e+00
   1.5000000e+01
   3.3000000e+01
   1.0000000e+01
   6.0000000e+00
   6.0000000e+00
   3.1300000e+00
   3.5000000e+01
   8.0000000e+00
   4.0000000e+01
   2.5000000e+01
   1.5000000e+00
   7.0000000e-01
   6.0000000e+00
   1.4000000e+01
   5.0000000e+01
   8.0000000e-01
   8.0000000e+01
   4.0000000e+01
   1.0000000e+00
   2.6000000e+01
   1.0000000e+00
   3.0000000e+00
   5.0000000e-01
   1.0000000e+00
   5.0000000e+00
   5.0000000e+00
   3.0000000e+01
   4.0000000e+01
   3.5000000e+01
   6.0000000e+00
   2.0000000e+00
   1.0000000e+01
   1.0000000e+01
   1.4000000e+01
   4.4000000e+00
   2.0000000e+00
   2.0000000e+01
   1.5000000e+01
   4.0000000e+00
   8.0000000e+00
   6.0000000e+01
   2.0000000e+00
   3.0000000e+00
   1.6000000e+01
   5.0000000e+00
   5.0000000e+01
   1.5000000e+01
   1.8000000e+01
   9.0000000e+00
   4.5000000e+01
             NaN
   2.0000000e+00
   4.0000000e+00
   5.0000000e-01
   7.5000000e+00
   2.6000000e+01
   1.9000000e+02
   2.0000000e+01
   3.6000000e+01
   1.0000000e+00
   1.0000000e+00
   2.5000000e+01
   7.0000000e+00
   1.0300000e+00
   5.0000000e+00
   1.0000000e+01
   2.2000000e+01
   3.5000000e+00
   5.0000000e+01
   3.0000000e+00
   5.0000000e+01
   1.5000000e+01
   2.0000000e+00
   9.0000000e+00
   1.5000000e+01
   1.8000000e+01
   1.8900000e+01
   6.0000000e+01
   3.8000000e+01
   7.0000000e+00
   1.6000000e+01
   3.0000000e+01
   1.0000000e+01
   2.0000000e+00
   3.0000000e+00
   1.0000000e+01
   3.0000000e+01
   3.5000000e+01
   1.0000000e+01
   9.0000000e+00
   2.0000000e+01
   4.2000000e+01
   7.0000000e+01
   7.2000000e+00
   1.6000000e+01
   2.4000000e+01
   2.0000000e+01
   1.0000000e+01
   7.0000000e+00
   6.0000000e+00
   5.0000000e+00
   1.0600000e+01
   1.0000000e+01
   1.0000000e+01
   1.0000000e+01
   3.0000000e+00
   2.0000000e+00
   4.0000000e+00
   1.0000000e+01
   2.0000000e+01
   2.0000000e+00
   3.0000000e+00
   1.0000000e+01
   1.0000000e+02
   1.9800000e+01
   1.0000000e+01
   4.0000000e+00
   1.0000000e+00
   3.5000000e+01
   9.0000000e+00
   1.0000000e+01
   2.0000000e+01
   2.5000000e+01
   1.5000000e+01
   3.0000000e+00
   1.0000000e+00
   3.0000000e+01
   3.0000000e+00
   4.0000000e+00
   3.0000000e+00
   3.0000000e+00
   3.0000000e+00
   4.0000000e+01
   1.0000000e+01
   3.5000000e+01
   2.0000000e+01
   8.0000000e+00
   1.0000000e+01
   8.0000000e+01
   3.0000000e+00
   1.0000000e+00
   4.0000000e+01
   1.2000000e+01
   2.0000000e+00
   5.0000000e+00
   3.0000000e+00
   1.8000000e+01
   3.5000000e+00
   1.0000000e+01
   5.0000000e-01
   2.0000000e+01
   5.0000000e+00
   2.5000000e+01
   5.0000000e+00
   2.0000000e+00
   2.0000000e+00
   4.5000000e+00
   5.0000000e+00
   2.0000000e+00
   4.0000000e+00
   4.1000000e+00
   2.1300000e+00
   1.0000000e+01
   2.1000000e+00
   5.0500000e+00
   8.0000000e+00
   2.5000000e+00
   1.0000000e+02
   3.0000000e+00
   3.6000000e+01
   1.0000000e+00
   1.0000000e+00
   3.0000000e+00
   1.0000000e+01
   1.0000000e+00
   3.0000000e+00
   1.5000000e+00
   4.0000000e+00
   5.0000000e+00
   1.2000000e+02
   8.0000000e+00
   1.2000000e+00
   1.5100000e+00
   9.0100000e+00
   5.0000000e+01
   5.8000000e+00
   1.5000000e+00
   3.0000000e+00
   1.4000000e+01
   1.0000000e+01
   1.7000000e+01
   1.7500000e+01
   3.5000000e+00
   2.0000000e+00
   3.2000000e+01
   1.2000000e+01
   2.0000000e+00
   5.0000000e+00
   5.0000000e+01
   1.2000000e+01
   6.0000000e+01
   7.0000000e+00
   1.0000000e+01
   5.0000000e+00
   1.0000000e+01
   1.5000000e+01
   4.6600000e+01
   1.0000000e+01
   4.0000000e+00
   4.0000000e+00
   4.0000000e+00
   1.0000000e+00
   1.0000000e+01
   1.0000000e+01
   2.0000000e+00
   7.0000000e+01
   4.0000000e+00
   2.0000000e+01
   7.0000000e+00
   8.0000000e+00
   5.0000000e+00
   1.2000000e+01
   1.2000000e+01
   4.5000000e+01
   2.2000000e+01
   2.2000000e+01
   8.0000000e+00
   5.5000000e+01
   2.0000000e+01
   3.0000000e+01
   8.0000000e+01
   3.3000000e+01
             NaN
   7.0000000e+01
   1.3000000e+00
   1.0000000e+02
   1.0000000e+01
   8.0000000e-01
   7.0000000e+01
   5.0000000e+01
   3.0000000e+01
   4.5000000e+00
   2.0000000e+01
   7.0000000e+01
   4.0000000e+00
   2.0000000e+00
   2.0000000e+01
   4.0000000e+00
   2.5000000e+00
   2.0000000e+01
   2.5000000e+01
   2.5000000e+01
   2.0500000e+00
   1.5000000e-01
   7.0000000e-01
   2.0000000e+00
   2.5000000e+01
   2.0000000e+00
   2.0000000e+01
   3.0000000e+01
   5.0000000e+00
   5.0000000e+00
   1.0000000e+00
   7.0000000e+00
   3.0000000e+00
   3.0000000e+00
   2.7000000e+01
   7.0000000e+00
   1.0000000e+00
   1.0000000e+01
   1.3000000e+01
   1.2000000e+02
   4.3000000e+00
   2.0000000e+00
   8.0000000e+00
   5.0000000e+00
   8.0000000e+01
   4.0000000e+00
   1.0000000e+00
   2.0000000e+01
   6.0000000e+00
   1.9000000e+00
   1.4000000e+00
   6.0000000e+00
   3.0000000e+00
   3.5000000e+01
   5.0000000e+00
   3.0000000e+00
   1.2000000e+00
   1.0000000e+00
   1.0000000e+01
   1.0000000e+01
   4.0000000e+01
   8.0000000e+00
   2.0000000e+01
   5.0000000e+00
   5.0000000e+00
   1.5000000e+01
   3.0000000e+01
   3.0000000e+00
   1.0000000e+00
   1.0000000e+00
   2.0000000e+00
   3.0000000e+01
   2.0000000e+00
   2.3000000e+01
   5.5000000e+00
   1.0000000e+00
   7.0000000e+00
   1.0000000e+01
   7.0000000e+00
   3.0000000e+00
   8.0000000e+01
   1.0000000e+00
   5.0000000e+00
   6.0000000e+00
   1.2000000e+01
   5.0000000e+00
   2.0000000e+00
   5.0000000e+00
   1.5000000e+01
   2.0000000e+00
   2.0000000e+00
   2.0000000e+00
   3.0000000e+00
   4.0000000e+00
   2.5000000e+01
   2.5000000e+01
   5.0000000e+00
   1.6000000e+01
   2.1000000e+01
   1.6000000e+01
   1.1200000e+01
   4.0000000e+00
   3.0000000e+01
   3.0000000e+01
   6.0000000e+01
   3.0000000e+00
   5.0000000e+00
   3.0000000e+01
   1.0015000e+02
   1.8600000e+01
   2.0000000e+00
   8.0000000e+00
   1.0000000e+01
   1.5000000e+02
   3.0000000e+00
   4.0000000e+00
   4.0000000e+00
   3.0000000e+00
   1.0000000e+00
   7.5000000e-01
   6.1000000e+00
   3.0000000e+00
   2.0000000e+00
   2.0000000e+00
   1.0000000e+00
   2.0000000e+00
   1.5000000e+00
   3.0000000e+00
   4.0000000e+01
   2.0400000e+01
   4.0000000e+01
   1.0000000e+01
   3.5000000e-01
   3.1500000e+00
   5.0000000e-01
   2.0000000e-01
   2.0000000e+00
   4.0000000e+00
   3.0000000e+00
   3.0000000e+00
   3.0000000e+00
   3.0000000e+00
   2.3000000e+00
   6.0000000e+01
   1.5100000e+01
   4.0000000e+00
   7.0000000e+00
   1.5000000e+01
   1.5000000e+02
   3.5000000e+01
   1.0000000e+00
   9.0000000e+00
   9.0000000e+00
   9.0000000e+00
   1.2000000e+01
   3.0000000e+00
   1.0000000e+00
   1.1000000e+01
   3.0000000e+00
   1.0000000e+01
   1.8000000e+01
   9.0000000e+00
   1.4000000e+01
   3.0000000e+01
   1.1000000e+02
   2.0000000e+00
   1.4000000e+01
   3.2800000e+01
   3.0000000e+00
   3.0000000e+00
   2.5000000e+01
   5.0000000e+00
   6.0000000e+00
   6.0000000e+00
   3.0000000e+00
   8.0000000e+00
   1.0000000e+00
   2.5000000e+00
   5.5000000e+00
   7.0000000e+00
   2.0000000e+01
   2.0000000e+00
   7.0000000e+00
   1.8000000e+01
   4.0000000e+00
   2.0000000e+00
   2.0000000e+00
   1.3000000e+01
   5.0000000e+00
   1.0000000e+01
   1.4150000e+01
   5.0000000e+00
   2.5000000e+00
   2.0000000e+00
   1.0000000e+01
   2.5000000e+01
   8.0500000e+00
   7.0000000e+01
   2.0000000e+00
   8.0000000e+01
   1.0000000e+00
   1.5000000e+00
   3.5000000e+02
   2.0060000e+01
   1.6000000e+01
             NaN
   3.0000000e+00
   3.0000000e+01
   2.0000000e+02
   3.0000000e+01
   3.0000000e+00
   3.0000000e+00
   2.0000000e+00
   1.0000000e+00
   3.0000000e+00
   8.0000000e+01
   3.0000000e+00
   3.0000000e+00
   3.0000000e+00
   2.0000000e-01
   2.0000000e+00
   1.5000000e+02
   2.0000000e+01
   4.5000000e+01
   2.0000000e+00
   2.5000000e+01
   7.5000000e+00
   1.5000000e+00
   1.5000000e+00
   2.0000000e+00
   3.7700000e+01
   1.5000000e+01
   3.0000000e+00
   5.1100000e+00
   4.5000000e+01
   7.0000000e+00
   1.0000000e+01
   4.0000000e+00
   2.5750000e+00
   1.2000000e+01
   7.5000000e+00
   1.1157000e+02
   8.0000000e+00
   3.0000000e+01
   5.0000000e+00
   5.0000000e+00
   6.0000000e+01
   4.0000000e-01
   3.0000000e+00
   4.0000000e+00
   2.0000000e+01
   1.0000000e+01
   2.0000000e+01
   1.5000000e+01
   1.5000000e+01
   1.0000000e+00
   2.0000000e+00
   1.0000000e+01
   1.5000000e+00
   6.0000000e+00
   7.5000000e+00
   4.7000000e+00
   3.5000000e+00
   6.0000000e+01
   1.0000000e+01
   3.0000000e+00
   1.5000000e+01
   6.0000000e+00
   1.9200000e+02
   3.0000000e+00
   8.0000000e+00
   3.0000000e+00
   1.0000000e+01
   2.0000000e+01
   5.0000000e+00
   1.5000000e+00
   1.0000000e+01
   2.5000000e+01
   5.0000000e+00
   1.2000000e+01
   1.5000000e+01
   4.0000000e+00
   7.0000000e+00
   1.0000000e+00
   1.2000000e+01
   6.0000000e+00
   1.0850000e+02
   2.0000000e+01
   1.6000000e+01
   4.0000000e+00
   1.0000000e+01
   1.0000000e+01
   1.5000000e+00
   7.0000000e-01
   7.0000000e-01
   3.0000000e+00
   2.0000000e+01
   6.0000000e+00
   2.0000000e+01
   1.0000000e+01
   1.0000000e+00
   1.8000000e+01
   4.0110000e+01
   4.1100000e+00
   2.5000000e+01
   5.0010000e+01
   4.0000000e+00
   7.0000000e-01
   1.0300000e+00
   2.0020000e+01
   1.0000000e+00
   3.8100000e+01
   8.4000000e+00
   1.0000000e+00
   7.0000000e+00
   4.0000000e+00
   8.0000000e+00
   1.0000000e+01
   3.5000000e+01
   5.0000000e+00
   4.0000000e+01
   1.2000000e+02
   4.0000000e+01
   1.0200000e+00
   2.0000000e+00
   2.5000000e+01
   1.1000000e+01
   2.2000000e+01
   2.0000000e+01
   5.0000000e+00
             NaN
   1.5000000e+01
   3.0000000e+01
   4.0000000e+00
   2.0000000e+01
   6.0000000e-01
   8.5000000e+01
   8.5000000e+00
   5.5000000e+00
   1.0000000e+01
   2.5000000e+00
   2.5000000e+00
   8.0000000e-01
   8.0000000e-01
   1.0000000e+00
             NaN
   2.5000000e+00
   2.5000000e+00
   5.0000000e+00
   3.0000000e+01
   3.5300000e+01
   4.0000000e+00
   3.0000000e+01
   3.0000000e+01
   3.0000000e+01
   6.0000000e+00
   2.0000000e+01
   5.0000000e+00
   2.0000000e+01
   3.0000000e+00
   8.0000000e+00
   9.3000000e+00
   2.0000000e+01
   2.4000000e+02
   5.0000000e+00
   3.0000000e+01
   2.0000000e+01
   1.0000000e+02
   4.0000000e+01
   1.5000000e+01
   4.0000000e+00
   1.8000000e+01
   6.0200000e+00
   3.5000000e+01
   1.5000000e+00
   1.0000000e+00
   3.0000000e+01
   4.0000000e+00
   2.5000000e+01
   3.0000000e+00
   1.9000000e+01
   8.0000000e+01
   3.0000000e+00
   2.7000000e+01
   1.0000000e+01
   1.0000000e+00
   1.0000000e+00
   2.5000000e+00
   3.2000000e+01
   5.0000000e-01
   7.0000000e+00
   2.0000000e+01
   7.0000000e+00
   2.0000000e+01
   3.0000000e+00
   3.0000000e+00
   1.8000000e+01
   3.0000000e+00
   4.0000000e+01
   1.5000000e+01
   3.2000000e+00
   2.0000000e+01
   5.0000000e+00
   1.5000000e+01
   5.0000000e+00
   2.0000000e+00
   3.0000000e+00
   1.0000000e+01
   2.5000000e+00
   5.5000000e+01
   1.5000000e+01
   1.0000000e+01
   8.0000000e+00
   7.0000000e+00
   8.0000000e+00
   1.0000000e+01
             NaN
   3.0000000e+01
   8.5000000e+00
   1.0000000e+00
   4.0000000e+00
   1.3000000e+01
   5.3000000e-01
   2.0000000e+01
   1.0500000e+00
   2.0000000e+00
   5.0000000e+00
   7.0000000e+00
   7.0000000e+00
   6.0000000e+00
   5.0000000e+00
   5.0000000e+00
   7.0000000e+00
   2.5000000e+01
   3.0000000e+00
   6.0000000e+00
   8.0000000e-01
   1.5000000e+01
   2.0000000e+00
   1.0000000e+00
   2.5000000e+01
   5.0000000e+00
   1.8000000e+02
   5.0000000e+00
   1.0000000e+00
   6.0000000e+00
   5.0000000e-01
   6.0000000e+00
   3.5000000e+00
   1.5000000e+01
   1.0410000e+02
   3.0000000e+00
   4.0000000e+00
   5.0000000e+01
   8.0000000e+01
   6.0000000e+00
   3.0000000e+00
   3.0000000e+00
   2.5000000e+01
   1.3000000e+01
   1.2000000e+01
   1.0000000e+01
   5.0000000e+00
   5.0000000e+00
   5.0000000e+00
   1.2000000e+01
   1.0500000e+01
   6.0000000e+00
   5.0000000e+00
   5.0000000e-01
   3.0000000e+00
   1.0030000e+02
   5.0000000e+00
   4.0000000e+00
   2.1000000e+01
   5.1300000e+01
   7.0000000e+00
   1.2000000e+01
   1.0000000e+02
             NaN
   1.0000000e+01
   5.0000000e+00
   2.5000000e+00
   1.1500000e+01
   4.8600000e+01
   1.0025000e+01
   2.0000000e+01
   1.0000000e+01
   6.0000000e+00
   2.6000000e+01
   1.0000000e+00
   4.0000000e+00
   1.0500000e+00
   2.7000000e+00
   4.0000000e+00
   8.0000000e+00
   5.0000000e-01
   2.0000000e+00
   1.2000000e+01
   1.2000000e+01
   3.5000000e+00
   1.5000000e+00
   3.0000000e+00
   1.5000000e+01
   3.0000000e+00
             NaN
   1.0000000e+00
   6.0000000e+00
   2.0000000e+00
   1.2000000e+01
   3.0200000e+00
   5.0200000e+00
   1.2600000e+01
   7.0000000e+00
   1.0000000e+00
   3.0000000e+01
   4.0000000e+00
   5.0000000e+00
   3.0000000e+00
   3.0000000e+00
   2.0000000e+00
   1.0000000e+01
   1.0000000e+01
   3.0000000e+00
   2.0000000e+00
   1.5000000e+01
   1.5000000e+01
   5.0000000e-01
   2.0000000e+00
   7.3000000e+00
   2.0000000e+00
   2.0000000e+00
   1.0000000e+01
   5.0000000e+00
   1.2000000e+01
   3.7000000e+01
   1.5000000e+01
   1.0000000e+00
   2.5000000e+01
   8.1000000e+00
   8.0200000e+00
   1.0000000e+01
   6.0000000e+01
   1.0000000e+01
   3.8000000e+01
   2.0000000e+00
   3.0000000e+01
   1.5000000e+01
   5.0000000e+00
   3.0000000e+00
   2.0000000e+00
   2.0800000e+01
   7.0000000e+01
   2.0000000e+00
   2.0000000e+00
   7.0000000e+01
   4.0000000e+00
   1.3000000e+01
   1.0000000e+01
   6.0000000e+00
   1.8000000e+01
   1.0000000e+01
   1.7000000e+01
   1.0000000e+00
   7.0000000e+01
   1.0100000e+01
   3.0000000e+00
   5.0000000e+00
   4.0000000e+01
   2.7000000e+01
   2.5000000e+01
   1.0000000e+00
   2.0150000e+01
   3.0150000e+01
   1.5000000e+01
   2.0020000e+01
   2.0200000e+00
   5.0000000e+00
   1.0000000e+01
   4.0000000e+00
   3.0500000e+01
   1.0000000e+00
   1.5000000e+01
   1.5000000e+01
   1.1000000e+02
   8.0000000e+00
   9.0000000e+00
   5.0000000e+00
   5.0000000e+00
   1.5000000e+01
   5.0000000e+00
   2.0000000e+01
   5.0000000e+00
   3.0000000e+01
   2.0000000e+01
   1.0000000e+00
   3.5000000e+00
   2.0000000e+00
   3.5000000e+00
   5.0000000e+00
             NaN
   2.0000000e+01
   2.0000000e+00
   1.0000000e+01
   2.0000000e+00
   4.0000000e+00
   1.0000000e+01
   1.5200000e+01
   6.0000000e+01
   2.0000000e+00
   2.0000000e+00
   2.5000000e+00
   3.0000000e+00
   1.4700000e+00
   2.0050000e+01
   4.0000000e-01
   3.0000000e+00
   3.0000000e+00
   2.0000000e+00
   3.0000000e+00
   2.0000000e+00
   4.0000000e+00
   3.0000000e+00
   1.5000000e+01
   2.5000000e+01
   6.5000000e+01
   6.5000000e+00
   2.0000000e+01
   5.8000000e+00
   8.0000000e+00
   1.0000000e+00
   1.9002000e+02
   4.5000000e+00
   1.0000000e+01
   2.8000000e+01
   1.0000000e+00
   1.0000000e+00
   8.0000000e+00
   1.0000000e+01
   5.0000000e+00
   1.0000000e+01
   1.0000000e+00
   1.0000000e+01
   1.0000000e+01
   2.0000000e+00
   1.2000000e+01
   2.0000000e+00
   9.0000000e-01
   1.0000000e+01
   1.2000000e+00
   1.2000000e+00
   7.0000000e+01
   5.0000000e+01
   2.0000000e+00
   1.0000000e+01
   5.0000000e+00
   2.5000000e+01
   3.0000000e+01
   4.5000000e+00
   3.0000000e+01
   2.5000000e+01
   1.0000000e+00
   4.0000000e+00
   1.5000000e+00
   3.4000000e+00
   1.2000000e+01
   2.5000000e+01
   1.0000000e+00
   5.0030000e+01
   4.0000000e+00
   1.6000000e+01
   2.0000000e+01
   8.0000000e+00
   1.0000000e+01
   6.0000000e+00
   1.0000000e+01
   1.0000000e+01
   5.0000000e+00
   7.0000000e+01
   1.0000000e+00
   3.7600000e+01
   1.0000000e+01
   4.0000000e+01
             NaN
   1.0000000e+00
   1.2000000e+01
   2.0000000e+00
   1.0000000e+01
   1.0000000e+00
   2.0000000e+01
   3.0000000e+00
   1.5000000e+01
   3.0000000e+00
   4.0000000e+00
   1.2000000e+01
   2.2000000e+01
   1.3050000e+01
   4.0000000e+00
   1.2000000e+01
   5.0000000e+00
   1.0000000e+00
   4.5000000e+01
   8.0000000e+00
   2.0000000e+01
   3.0000000e+00
   4.0000000e+00
             NaN
             NaN
   8.0000000e+00
   9.0000000e+00
   5.0000000e+00
   2.0200000e-01
   1.0000000e+00
   8.5000000e+00
   8.1000000e+00
   2.0000000e+00
   2.0000000e-01
   4.0000000e+00
   1.0000000e+01
   1.0000000e+01
   5.1000000e+00
   6.0000000e+01
   5.0000000e-01
   7.5000000e-01
   2.7000000e+01
   2.7000000e+00
   1.0000000e+01
   1.3000000e+01
   3.0000000e+00
   7.0000000e+00
   9.0000000e-01
   4.0000000e+01
   4.5000000e+01
   2.2200000e+00
   4.0000000e+00
   8.0000000e+00
   4.0000000e+00
   2.0000000e+01
   1.7500000e+01
   8.0000000e+00
   2.0000000e+01
   4.0000000e+00
             NaN
   7.0000000e+01
   8.0000000e+00
   7.0000000e+00
   2.1000000e+01
   1.0100000e+01
   2.0000000e+00
   5.0000000e+00
   2.5000000e+00
   2.5000000e+01
   1.1000000e+01
   2.0000000e+00
   2.5000000e+01
   7.0000000e+00
   1.2000000e+02
   5.0000000e+01
   1.0000000e+00
   3.0000000e+00
   8.0000000e-01
   1.5000000e+01
   3.5000000e+00
   5.0000000e+00
   1.5000000e+01
   5.0000000e+00
   1.5000000e+01
   9.0000000e-01
   3.1000000e+00
   4.0000000e+01
   1.0000000e+00
   8.0000000e-01
             NaN
   1.4200000e+01
   2.0500000e+01
   2.5000000e+01
   1.0000000e+00
   7.0000000e+01
   2.5000000e+00
   3.7500000e+01
   3.0100000e+00
   8.0000000e-01
   2.0000000e+01
   5.9000000e+00
   5.0000000e+00
   1.0000000e+01
   2.3700000e+01
   1.2000000e+00
   6.0000000e+00
   4.2000000e+01
   3.0000000e+01
   3.0000000e+00
   8.0000000e+00
   6.3000000e+00
   2.0000000e+00
   3.0000000e+01
   3.0000000e+00
   1.5000000e+00
   3.0000000e+00
   2.0000000e+00
   8.3000000e+00
   3.0000000e+00
   2.5000000e+00
   5.0000000e+00
   3.0000000e-01
   6.0000000e-01
   1.0000000e+01
   2.7000000e+01
   3.0000000e+01
   4.0000000e+00
   2.0000000e+00
   2.2300000e+01
   2.0000000e+01
   6.0000000e+00
   1.0000000e+01
   6.0100000e+00
   1.0000000e+01
   1.0000000e+01
   5.0000000e+00
   2.4000000e+01
   2.0000000e+00
   1.0000000e+00
   3.0000000e+00
   8.0000000e+00
   1.5000000e+00
   1.0000000e+01
   5.0000000e+00
   1.5000000e+01
   2.0000000e+00
   1.9000000e+01
   6.0000000e+00
   5.0000000e+00
   5.0000000e+00
   3.0000000e+01
   2.5000000e+01
   1.5000000e+00
   2.5000000e+01
   3.0000000e+00
   4.5000000e+00
   2.0000000e+00
   1.2000000e+01
   4.0000000e+00
   5.0000000e+00
   1.0000000e+01
   1.5000000e+01
   2.5000000e+01
   2.5000000e+00
   7.0000000e+00
   2.0000000e+00
   3.0000000e+00
   1.0000000e+01
   3.5000000e+01
   3.5000000e+00
   3.0000000e+00
   5.0000000e-01
   1.0000000e+00
   3.5000000e+01
   2.5000000e+00
   1.0000000e+01
   1.0000000e+01
   5.0000000e+00
   7.0000000e+00
   6.0000000e+00
   6.0000000e+00
   2.0000000e+01
   1.0000000e+00
   2.0000000e+00
   2.0000000e+00
   4.0000000e+00
   4.0000000e+00
   3.0000000e+00
   2.5000000e+00
   2.5000000e+00
   2.0000000e+00
   3.0000000e+00
   8.0000000e+01
             NaN
   2.0000000e+00
   1.0000000e+01
   7.0000000e+00
   4.0000000e+00
   7.0000000e+00
   1.0000000e+01
   3.5000000e+01
   6.0000000e+00
   4.2000000e+01
   8.0000000e-01
   2.0000000e+00
   4.2500000e+00
   1.0000000e+01
   2.5000000e+01
   3.1700000e+01
   2.0000000e+00
   3.0000000e+00
   2.0000000e+01
   8.0000000e+00
   1.5000000e+01
   9.5000000e+01
   9.0000000e+01
   1.0000000e+01
   1.0000000e+01
   4.0000000e+00
   3.0000000e+00
   1.0000000e+00
   1.0000000e+00
   3.0000000e+00
   2.0000000e+00
   2.8000000e+00
   5.0000000e+00
   2.0020000e+01
   4.0100000e+00
   5.0200000e+00
   7.5000000e+01
   1.2200000e+01
   4.1500000e+00
   4.0500000e+00
   7.2000000e+00
   2.0000000e+01
   1.0000000e+01
   8.0000000e+00
   4.5000000e+01
   9.0000000e+00
   1.0000000e+00
   3.0000000e+01
   7.0000000e+00
   1.0000000e+00
   1.0000000e+00
   4.0000000e+00
   3.5000000e+00
   3.0000000e+00
   3.5000000e+00
   1.1000000e+01
   3.3600000e+01
   5.0000000e+00
   1.6000000e+00
   5.0000000e+00
   3.0000000e+00
   3.0000000e+00
   2.0000000e+01
   4.0000000e+00
   3.0000000e+00
   2.0000000e+01
   2.0000000e+01
   9.4000000e+01
   4.0000000e+00
   1.5110000e+01
   3.0000000e+00
   3.0000000e+00
   3.7500000e+01
   5.0500000e+00
   2.0000000e+01
   2.0000000e+01
   8.0000000e+00
   1.3000000e+01
   3.0000000e+00
   1.0000000e+01
   2.0000000e+00
   7.5000000e+01
   7.5000000e+01
   4.0000000e+00
   4.0000000e+00
   3.0000000e+00
   5.0000000e+00
   2.5000000e+01
   3.5000000e+01
   5.0000000e+00
   1.6000000e+01
   1.5000000e+01
   1.1000000e+01
   1.0000000e+00
   1.1000000e+02
   1.5000000e+01
   6.0000000e+01
   3.5000000e+01
   5.5500000e+01
   4.5000000e+01
   2.0000000e+00
   1.4230000e+02
   2.0000000e+01
   2.0000000e+01
   1.0200000e+01
   3.0000000e-01
   1.0000000e+00
   1.5000000e+00
   1.2500000e+02
   2.0000000e+00
   3.0000000e+00
   5.0000000e+00
   3.0000000e+00
   3.0000000e+00
   4.0000000e+00
   6.0000000e+00
   8.0000000e-01
   2.0000000e+00
   7.4000000e+00
   3.0000000e+00
   2.5000000e+01
   2.0020000e+01
   7.0000000e+00
   2.0000000e+00
   2.0000000e+00
   1.2000000e+01
   1.0000000e+01
   3.0000000e+00
   1.5000000e+01
   1.0000000e+00
             NaN
   6.4700000e+00
   2.9400000e+00
   1.0000000e+01
   8.0000000e+00
   6.0000000e+01
   1.2000000e+01
   1.5000000e+01
   2.0000000e+01
   1.0000000e+01
             NaN
   3.0010000e+01
   1.5500000e+02
   1.5000000e+01
   4.0000000e+00
   9.0000000e+00
   7.7000000e+00
   2.5500000e+01
   4.0000000e+00
   1.0000000e+00
   1.0000000e+01
   1.5000000e+01
   1.5000000e+01
   1.5000000e+01
   4.0000000e+01
   1.0000000e+01
   1.0000000e+01
   2.5000000e+00
   2.5000000e+00
   5.0000000e+00
   1.5000000e+00
   1.5000000e+00
   2.0000000e+00
   1.5000000e+00
   2.0000000e+00
   5.0000000e+01
   4.0000000e+00
   1.0000000e+00
   3.0000000e+00
   2.0000000e+00
   3.0050000e+00
   1.9000000e+01
   8.7200000e+01
   8.8200000e+01
   2.0000000e+00
   4.0000000e+00
   5.0000000e+00
   7.0000000e+01
   2.5000000e+01
   2.0000000e+01
   7.0000000e+01
   5.0000000e+01
   5.0000000e+00
   1.0000000e+00
   5.0300000e+00
   4.0000000e+00
   9.0000000e+00
   2.0000000e+01
   5.0000000e+00
   1.0000000e+01
   3.0000000e+00
   8.0000000e+00
   3.0000000e+00
   3.0000000e+00
   3.0000000e+00
   8.0000000e-01
   6.0100000e+00
   5.0600000e+00
   8.0000000e+01
   1.1020000e+01
   5.0100000e+00
   1.2010000e+01
   1.1010000e+01
   3.8000000e+01
   3.0000000e+00
   2.0000000e+00
   5.0000000e+00
   5.8000000e+00
   9.0000000e+00
   7.0000000e+00
   3.5030000e+01
   2.5000000e+00
   1.0000000e+01
   3.0000000e+01
   3.0000000e+01
   2.0000000e+00
   2.0100000e+00
   1.5000000e+01
   1.5030000e+01
   1.0000000e+00
   5.0000000e+01
   3.5000000e+00
   2.1000000e+01
   1.0000000e+01
   1.0200000e+01
   3.0000000e+00
   1.1100000e+00
   7.0000000e+00
   3.0020000e+01
   5.5000000e+01
   2.2000000e+00
   1.4000000e+01
   1.0000000e+01
   3.0000000e+00
   5.0000000e+00
   1.7000000e+02
   3.0000000e+00
   6.0000000e-01
   4.0000000e+00
   3.0000000e+00
   4.0000000e+00
   2.0000000e+01
   2.0000000e+00
   5.0000000e+00
   1.0000000e+00
   2.0000000e+00
   2.0000000e+01
   1.8000000e+01
   6.1000000e+00
   2.5050000e+01
   3.0000000e+00
   2.0500000e+00
   1.0000000e+01
   1.0000000e+01
   1.0000000e+01
   7.0000000e+00
   2.6000000e+00
   1.4000000e+01
   2.0000000e+01
   3.0000000e+01
   2.0000000e+00
   1.0000000e+00
   1.1000000e+02
   1.2505000e+01
   6.8000000e+00
   3.0000000e+00
   5.2000000e+00
   1.5000000e+01
   2.0000000e+00
   1.5000000e+00
   6.0000000e+00
   1.0000000e+00
   2.5000000e+01
   8.0000000e+00
   8.0000000e+00
   3.0000000e+00
   1.0000000e+00
   3.0000000e+00
   2.5000000e+00
   2.0000000e+00
   1.7000000e+02
   4.0000000e+00
   1.0000000e+00
   3.5000000e+00
   5.0000000e+00
   8.0000000e+00
   1.8100000e+01
   2.5000000e+01
   3.0000000e+00
   3.0000000e+01
   3.0000000e+00
   2.0000000e+01
   3.0000000e+00
   1.0000000e+00
   2.0000000e+00
   8.0100000e+00
   2.5000000e+01
   5.0000000e+00
   8.0000000e+01
   2.4500000e+02
   2.0000000e+01
   4.0000000e+00
   4.0000000e+00
   3.0100000e+01
   1.0000000e+01
   4.0000000e+00
   5.0000000e+00
   1.1000000e+02
   3.0000000e+00
   2.2700000e+00
   1.8000000e+00
   1.0000000e+01
   6.0000000e+00
   1.0000000e+00
   2.0000000e+00
   5.0200000e+00
   2.0000000e+00
   1.0000000e+00
   2.0000000e+00
   5.0000000e+00
   1.6020000e+01
   1.0000000e+01
   7.0000000e+00
   7.0000000e+00
   3.0000000e+01
   7.0000000e+00
   6.5000000e+00
   1.0000000e+00
   8.0000000e+00
   3.5000000e+00
   1.1000000e+00
   5.0000000e+00
   6.0000000e+00
   1.0000000e+00
   4.0000000e+00
   7.0000000e+00
   8.0000000e+00
   2.1000000e+01
   2.1000000e+01
   2.1000000e+01
   1.0900000e+00
   1.5100000e+01
   6.2000000e-01
   1.0060000e+00
   1.0300000e+00
   1.3000000e+02
   5.0000000e+00
   2.0000000e+00
   1.0000000e+01
   2.0000000e+00
   3.0000000e+01
   1.5000000e+01
   1.0000000e+01
   6.0000000e+00
   3.0000000e+00
   1.0000000e+01
   5.0000000e+01
   4.3000000e+00
   1.8000000e+01
   5.0000000e+01
   1.8000000e+01
   2.0000000e+01
   2.0000000e+01
   3.1000000e+00
   1.0000000e+00
   4.0100000e+00
   5.0000000e+00
   9.0000000e+01
   3.4500000e+01
   1.1005500e+02
   5.0000000e+00
   4.0000000e+00
   7.0000000e+00
   8.1100000e+00
   3.0100000e+00
   2.5000000e+01
   2.0000000e+01
   7.0000000e+00
   1.0200000e+00
   3.6060000e+01
   3.0000000e+00
   6.0200000e+00
   4.0200000e+00
   2.5000000e+01
   2.0000000e+00
   7.0000000e+00
   7.0000000e+00
   2.0000000e+01
   3.0000000e+00
   1.5000000e+01
   3.0000000e+01
   2.5000000e+01
   1.0000000e+00
   1.5000000e+00
   3.5000000e+00
   1.0000000e+01
   1.5000000e+01
   2.0000000e+01
   1.0000000e+00
   1.0000000e+01
   1.1000000e+02
   1.3000000e+01
   2.0000000e+00
   1.4000000e+00
   4.0000000e+00
   3.1500000e+01
   1.0000000e+01
   1.0000000e+01
   2.0000000e+01
   2.5000000e+01
   2.0000000e+00
   1.0000000e+01
   1.0000000e+01
   5.0000000e+00
   2.0000000e+01
   6.0000000e+00
   2.0000000e+00
   1.0000000e+00
   1.0000000e+00
   6.0000000e+00
   4.0000000e+01
   1.5000000e+00
   2.6200000e+01
   1.8000000e+01
   5.0000000e-01
   4.0000000e+00
   8.0500000e+00
   1.0000000e+01
   1.0000000e+01
   1.0000000e+01
   5.0000000e+00
   6.0000000e+00
   1.0000000e+01
   9.0000000e+01
   1.2000000e+01
   6.7500000e+01
   3.0000000e+01
   2.0000000e+00
   3.0000000e+00
   2.5000000e+01
   3.7570000e+01
   4.0000000e+01
   3.0000000e+00
   2.5000000e+01
   5.0000000e+00
   2.0000000e+00
   4.2000000e+00
   1.1000000e+01
   8.0000000e+00
   4.2000000e+00
   1.0000000e+02
   8.0000000e+00
   3.1200000e+01
   3.0000000e+00
   3.0000000e+00
   2.5000000e+01
   2.1000000e+01
   3.0000000e+00
   3.0450000e+00
   3.0000000e-01
   3.0000000e+00
   1.0000000e+01
             NaN
   1.4500000e+01
   1.5000000e+00
   1.0250000e+00
   4.0000000e+00
   6.0040000e+01
   6.5010000e+01
   1.5100000e+01
   1.0100000e+00
   8.0000000e+01
   2.0000000e+01
   7.0000000e+00
   9.0000000e+00
   7.0000000e+00
   2.5000000e+00
   1.5500000e+00
   5.0000000e+01
   2.0500000e+00
   3.0000000e+00
   3.0000000e+00
   9.0000000e+00
   6.0000000e+00
   1.5000000e+00
   2.0000000e+01
   2.0000000e+01
   2.2000000e+01
   5.1000000e+00
   5.0300000e+00
   3.5000000e+00
   3.5000000e+00
   1.5000000e+01
   3.0000000e+00
   4.0000000e+00
   5.0000000e+00
   2.0000000e+01
   5.5000000e+00
   2.0000000e+00
   1.2000000e+01
   3.5000000e+01
   2.5000000e+01
   3.0000000e+01
   5.0000000e+01
   3.0000000e+01
   1.1500000e+02
   5.0000000e+00
   5.0000000e+00
   4.0000000e+00
   1.3000000e+01
   1.7000000e+00
   1.0000000e+01
   7.0000000e+00
   3.0000000e+00
   1.5000000e+00
   2.0000000e+00
   2.0000000e+01
   4.0000000e+00
   1.0000000e+00
   2.0000000e+00
   1.5020000e+01
   2.0000000e+00
   7.0200000e+00
   5.0000000e+01
   3.0000000e+00
   5.5000000e+01
   3.0000000e+01
   2.0000000e+00
   3.2000000e+00
   5.0000000e+00
   4.0000000e+01
   3.0000000e+01
   1.0000000e+00
   6.0000000e+01
   1.0000000e+00
   6.0100000e+00
   3.0000000e+00
   1.0000000e+01
   5.0000000e+00
   4.0000000e+00
   6.0000000e+00
   3.0000000e+00
   3.0000000e+00
   1.0000000e+00
   1.5000000e+00
   3.0000000e+00
   5.0000000e+00
   5.0000000e+00
   3.0000000e+00
   1.5000000e+01
   4.5000000e+00
   3.7000000e+01
             NaN
   2.2000000e+01
   1.1000000e+01
   3.5000000e+01
   2.5000000e+01
   8.1000000e-01
   1.1000000e+01
   1.5000000e+00
   1.0000000e+00
   3.0000000e+01
   2.5000000e+00
   1.2000000e+00
   1.0000000e+01
   4.0000000e+01
   5.0000000e+00
   3.0000000e+00
   4.0000000e+00
   4.5000000e+01
   1.0000000e+01
   2.0000000e+01
   9.0000000e+00
   2.0000000e+00
   1.0000000e+01
   3.5000000e+00
   2.0000000e+00
   5.0000000e+00
   3.0200000e+00
   6.0000000e+00
   4.0000000e+00
   1.5000000e+00
   2.0000000e+00
   6.0000000e+00
   3.0000000e+00
   6.0000000e+00
   1.5000000e+00
   5.0000000e+00
   1.2000000e+01
   3.5000000e+00
   4.0000000e-01
   1.1600000e+01
   4.0000000e+01
   6.0000000e+00
   2.5000000e+00
   6.0000000e+00
   4.0000000e+01
   8.0000000e+00
   9.0000000e+01
   1.5000000e+01
   2.1000000e+01
   1.5500000e+01
   2.0000000e+01
   3.0000000e+00
   5.0000000e-01
   1.0000000e+00
   8.0000000e+00
   9.0000000e+00
   1.7000000e+01
   1.1000000e+02
   5.0000000e+00
   1.0000000e+01
   1.4900000e+01
   5.0000000e+00
   6.0000000e+00
   1.5000000e+01
   2.0200000e+01
   2.0200000e+01
   5.0550000e+01
   2.0500000e+00
   5.0120000e+01
   1.0000000e+00
   5.0000000e+00
   1.0000000e+01
   1.0000000e+00
   6.0000000e+01
   7.0004000e+01
   2.0000000e+00
   2.0000000e+00
   6.0000000e+00
   5.0000000e+00
   1.3004000e+02
   2.0000000e+00
   2.1000000e+00
   9.0000000e+00
   1.5000000e+01
   7.0000000e-01
   1.1000000e+02
   1.4000000e+01
   1.5000000e+00
   2.5000000e+01
   1.0000000e+00
   2.0000000e+01
   6.0300000e+00
   2.0000000e+01
   1.2000000e+01
   1.5000000e+02
   1.5200000e+01
   1.0000000e+01
   1.5000000e+01
   9.0000000e+00
   9.0000000e+00
   4.0000000e-01
   3.0030000e+00
   9.0000000e-01
   5.0000000e+00
   1.0000000e+01
   2.6030000e+01
   7.0000000e+01
   1.0000000e+01
   1.0000000e+01
   7.0000000e+00
   3.0000000e+00
   4.0000000e+00
   3.5000000e+01
   4.0000000e-01
   2.4000000e+01
   2.4000000e+01
   2.0000000e+01
   5.0000000e+00
   1.0000000e+01
   1.6000000e+02
   4.5000000e-01
   4.5000000e-01
   4.1000000e+00
   1.2000000e+01
   1.2000000e+01
   3.5000000e+00
   3.5000000e+00
   2.5000000e+00
   1.1500000e+02
   1.2000000e+01
   1.2000000e+01
   9.0000000e+00
   6.0000000e+00
   1.3000000e+01
   1.0000000e+01
   5.0000000e+00
   5.0000000e+00
   3.0000000e+01
   2.5000000e+00
   3.0000000e+02
   1.8000000e+00
   1.5000000e+00
   2.0000000e+01
   1.5000000e+01
   6.5100000e+00
   3.0000000e-01
   3.3200000e+01
   3.0200000e+00
   2.0200000e+00
   5.0000000e+01
   3.0000000e+00
   2.0000000e+00
   3.0000000e+00
   5.1100000e+00
   2.1100000e+00
   9.0000000e+01
   1.4000000e+01
   2.0200000e+00
   9.0000000e+00
   1.0000000e+01
   4.5110000e+01
   3.5200000e+01
   3.0000000e+00
   5.0000000e+00
   2.0000000e+01
   1.5000000e+00
   3.0000000e+00
   2.0000000e+01
   1.5000000e+00
   1.0000000e+01
   7.5000000e+01
   5.0000000e-01
   2.0000000e+00
   2.5000000e+01
   1.4500000e+01
   5.0000000e+00
   3.5000000e+00
   2.0000000e-01
   2.0000000e-01
   3.5000000e+00
   6.5000000e+00
   1.2000000e+01
   2.0000000e+00
   3.6000000e+00
   4.0000000e+00
   3.5000000e+01
   3.5000000e+00
   2.5000000e+01
   2.0000000e+01
   5.0000000e-01
   1.0600000e+00
             NaN
   6.0000000e+00
   3.0200000e+00
   1.0000000e+00
   5.0000000e+00
   1.8000000e+01
   8.2500000e-01
   2.0050000e+00
   2.5000000e+00
   8.8700000e+00
   4.0000000e+00
   4.0000000e+00
   1.5000000e+01
   8.0000000e+00
   1.0000000e+01
   1.0005000e+02
   1.0000000e+00
   1.5000000e+00
   1.5000000e+00
   1.0000000e+01
   7.0000000e+00
   1.0000000e+01
   2.5000000e+01
   2.0000000e+00
   2.0000000e+00
   6.0000000e+00
   3.1000000e+01
   3.0000000e+01
   2.0000000e+00
   4.0000000e+00
   2.0000000e+00
   1.5000000e+00
   3.0000000e+00
   8.0000000e+00
   2.0000000e+01
   7.0000000e+00
   3.0000000e+01
   6.0000000e+00
   1.0000000e+00
   1.0000000e+02
   1.0000000e+00
   1.0000000e+00
   1.2600000e+01
   3.0000000e+00
   1.0000000e+01
   1.0000000e+01
   7.6000000e+01
   5.0000000e+00
   2.0000000e+00
   9.0000000e+00
   2.8700000e+01
   5.5500000e+00
   3.1000000e+02
   5.5600000e+00
   5.0000000e+00
   6.1500000e+00
   5.2000000e+00
   1.1000000e+01
   5.0000000e+00
   3.5000000e+01
   6.0000000e+00
   3.0000000e+00
   3.0000000e+00
   3.0000000e+00
   1.8000000e+01
   4.0000000e+01
   7.0000000e+00
   5.0000000e+01
   1.0000000e+01
   1.0000000e+01
   2.5000000e+00
   6.0000000e+00
   2.5000000e+01
   3.0000000e+00
   1.0000000e+00
   3.0000000e+01
   2.0000000e+00
   7.0000000e+00
   3.0000000e+00
   9.0000000e+00
   7.0000000e+00
   3.5000000e+01
   4.0000000e+01
   4.9000000e+00
   1.5000000e+01
   5.0000000e+00
   4.0000000e+00
   2.5000000e+01
   2.2900000e+02
   2.5000000e+01
   4.5000000e+00
   1.0000000e+01
   1.8500000e+01
   3.1500000e+00
   1.5000000e+01
   1.0110000e+01
   2.0000000e+00
   2.5000000e+00
   1.5100000e+01
   1.2600000e+01
   1.5700000e+01
   1.8000000e+01
   8.0000000e+00
   2.0150000e+01
   3.0000000e+00
   2.0000000e+01
   8.4000000e+00
   2.0000000e+01
   2.2003000e+02
   3.0000000e+00
   6.0000000e+00
   1.7800000e+02
   6.0000000e+00
   2.8000000e+00
   4.1100000e+00
   8.6000000e+01
   6.0000000e+01
   1.5000000e+01
   1.6000000e+01
   2.0200000e+00
   3.0200000e+00
   1.0000000e+00
   1.5000000e+01
   3.0000000e+00
   2.5000000e+01
   1.7000000e+01
   2.5100000e+00
   2.0020000e+01
   6.0000000e+00
   1.5000000e+01
             NaN
   2.0000000e+01
   2.1000000e+01
   2.0000000e+01
   4.0050000e+01
   8.0000000e+00
   1.0000000e+00
   2.0000000e+00
   5.0000000e+00
   5.0000000e-01
   1.2000000e+01
   1.4000000e+01
   3.4000000e+01
   5.0000000e+00
   3.0000000e+00
   5.0000000e+00
   1.5020000e+01
   2.5000000e+01
   1.0000000e+01
   2.0000000e+00
   3.0000000e+01
   3.0000000e+00
   2.0000000e+00
   3.0000000e+00
   3.0000000e+01
   5.0000000e+00
   3.0000000e+00
   3.0000000e+00
   3.8000000e+01
   1.2000000e+01
   1.0000000e+01
   1.0000000e+01
   8.0000000e+00
   1.0000000e+01
   3.5000000e+00
   4.5000000e+00
   3.5000000e+01
   5.0000000e-01
   1.0000000e+01
   3.0000000e+01
   2.5500000e+01
   1.5000000e+00
   3.0000000e+01
   3.5000000e+00
   3.0000000e+01
   7.0000000e+00
   2.0000000e+00
   1.0000000e+01
   8.0000000e+00
   7.5000000e+00
   5.0000000e+00
   3.0000000e+00
   2.0000000e+00
   5.0005000e+01
   2.3000000e+01
   5.0000000e-01
   7.0000000e+00
   6.5000000e+01
   8.0000000e+00
   1.2502000e+02
   5.0000000e+00
   5.0000000e+00
   1.0000000e+00
   1.0000000e+00
   7.0000000e+01
   8.0000000e+01
   3.0000000e+01
   2.0000000e+00
   5.0000000e+01
   1.0000000e+01
   6.0000000e+00
   5.0000000e+00
   3.7000000e+01
   4.0000000e+00
   5.0000000e+00
   4.0000000e+01
   3.0000000e+01
   1.0000000e+01
   1.0000000e+01
   1.0000000e+01
   1.0000000e+00
   1.0000000e+00
   1.0000000e+00
   3.0000000e+00
   3.0000000e+00
   3.0000000e+01
   6.5000000e+00
   4.0000000e+01
   3.0000000e+00
             NaN
   1.0000000e+01
   1.5000000e+01
   3.0000000e+00
   4.0000000e+01
   4.0000000e+00
   1.5000000e+00
   3.0000000e+00
   7.5000000e+00
   2.0000000e+01
   1.0000000e+00
   1.0500000e+01
   3.0000000e+02
   5.0000000e+01
   2.5000000e+01
   2.0000000e+00
   1.2000000e+01
   1.5000000e+01
   1.3000000e+01
   5.7000000e+02
   1.0000000e+01
   1.0000000e+00
   5.0000000e-01
   5.0000000e+00
   6.0000000e+00
   5.0000000e+00
   2.0000000e+00
   2.0000000e+00
   4.5300000e+00
   6.0200000e+00
   4.0020000e+01
             NaN
   2.1000000e+01
   7.9000000e+00
   1.0000000e+00
   5.0000000e+00
   1.0000000e+00
   3.0000000e+01
   6.0000000e+00
   2.0000000e+00
   2.0000000e+01
   2.0000000e+01
   4.0000000e+00
   1.3010000e+01
   6.0200000e+00
   1.0010000e+01
   4.0100000e+00
   4.0000000e+00
   4.0000000e+00
   4.5000000e+00
   1.1000000e+02
   6.0000000e+01
   4.0000000e+00
   1.5000000e+01
   1.0000000e+01
   1.2020000e+01
   3.0100000e+00
   2.0000000e+01
   1.0000000e+01
   1.0000000e+00
   6.0000000e+00
   5.2000000e-01
   1.6000000e+01
   2.5000000e+02
   1.6200000e+01
   2.0000000e+00
   4.5000000e+00
   5.0000000e+00
   3.0000000e+00
   8.0030000e+01
   4.0000000e+01
   2.5000000e+00
   3.0000000e+00
   1.0000000e+01
   2.0000000e+01
   1.0450000e+01
   3.5000000e+00
   2.0000000e+00
   1.5000000e+01
   7.0000000e+00
   4.0000000e+00
   3.0000000e+00
   8.0000000e+00
   5.0000000e+00
   4.5000000e+01
   1.4020000e+01
   1.2000000e+02
   1.0000000e+01
   1.5000000e+01
   5.0000000e+00
   5.0000000e+00
   8.8000000e+01
   2.0000000e+00
   4.0000000e+00
   9.0000000e+01
   6.0000000e+00
   7.0000000e+00
   5.0050000e+01
   1.0150000e+00
   1.0000000e+00
   6.0000000e+00
   1.0000000e+00
   2.5000000e+01
   7.0000000e+00
   1.0000000e+01
   5.0000000e+00
   2.0000000e+02
   2.0000000e+01
   2.0000000e+00
   3.0000000e+00
   9.0000000e+01
   3.0800000e+00
   1.0000000e+02
   2.0000000e+00
   3.0000000e+00
   3.0200000e+00
   8.0000000e+00
   1.0600000e+01
   2.0000000e+01
   5.0000000e+00
   1.5000000e+01
   2.0000000e+01
   2.8000000e+00
   1.6003000e+02
   1.0300000e+00
   6.6000000e+01
   7.6400000e+01
   1.5200000e+01
   5.0000000e+00
   5.0000000e+00
   5.0020000e+01
   1.0200000e+00
             NaN
   2.0000000e+00
   4.0000000e+00
   3.0000000e+00
   3.0000000e+00
   2.0000000e+00
   2.2020000e+01
   1.0000000e+01
   2.0000000e+01
   3.1000000e+00
   3.0020000e+01
   3.5000000e+00
   2.5000000e+01
   3.0150000e+00
   3.0000000e+00
   1.5000000e+00
   1.5000000e+00
   3.0000000e+00
   1.0000000e+00
   7.0100000e+00
   1.1000000e+02
   2.0000000e+01
   5.0000000e+01
   6.0000000e+00
   2.0000000e+01
   7.0000000e+00
   1.0000000e+01
   8.0000000e+00
   3.0000000e+00
   1.3000000e+01
   2.0000000e+00
   2.0000000e+00
   5.5000000e+01
   4.0000000e+00
   3.0000000e+00
   1.0000000e+00
   1.3000000e+01
   6.0000000e+00
   7.0000000e+00
   7.0000000e+00
   7.5000000e+00
   4.0000000e+01
   1.1000000e+00
   1.1000000e+00
   5.0000000e+00
   1.0505000e+01
   2.0000000e+00
   2.0000000e+00
   9.5250000e+00
   1.0000000e+00
   6.0000000e-01
   1.0000000e+00
   1.2000000e+02
   2.0000000e+01
   3.0000000e+00
   5.0000000e+00
   1.0000000e+00
   7.5000000e+00
   7.0000000e+00
   4.0000000e+00
   5.0000000e+00
   2.0000000e+01
   4.0000000e+01
   3.5000000e+01
   2.0000000e+00
   1.5000000e+01
   4.0000000e+01
   2.0000000e+00
   2.0000000e+00
   1.0010000e+01
   1.5000000e+00
   8.0000000e+00
   1.2000000e+00
   1.5000000e+01
   1.6000000e+01
   5.0000000e+00
   1.0000000e+01
   5.0000000e-01
   1.0050000e+01
   8.0000000e+00
   2.0000000e+00
   4.5000000e+00
   1.0000000e+01
   1.5200000e+01
   5.0000000e+01
   1.0000000e+01
   2.0000000e+00
   5.0200000e+00
   1.6000000e+01
   1.7000000e+01
   4.0000000e+01
   4.0000000e+01
   4.5015000e+01
   1.0000000e+00
   3.7000000e+01
   5.0000000e+00
   2.5000000e+01
   1.6000000e+01
   3.5000000e+01
   9.0000000e+00
   1.3500000e+01
   2.0000000e+00
   2.5000000e+01
   2.5000000e+00
   3.2000000e+01
   2.0000000e+00
   6.0000000e-01
   4.0000000e+00
   3.0005000e+01
   1.0015000e+01
   4.0000000e+01
   2.0000000e+00
   4.0000000e+01
   2.5000000e+01
   1.1000000e+01
   8.0000000e+00
   1.0000000e+00
   5.9000000e+01
   2.8000000e+01
   3.0000000e+00
   4.0400000e+00
   2.8000000e+00
   1.5000000e+00
   1.5000000e+00
   4.0000000e+00
   4.0000000e+00
   4.6000000e+02
   1.7550000e+01
   1.2000000e+02
   6.0000000e+00
   9.0000000e+00
   1.0000000e+00
   1.8000000e+00
   1.0000000e+01
   1.0000000e+01
   7.0000000e+00
   7.0000000e+00
   3.0000000e+00
   3.0250000e+00
   6.0000000e+00
   3.0000000e+00
   2.5000000e+00
   4.0000000e+01
   5.0000000e+00
   6.0000000e+00
   3.0000000e+00
   1.5000000e+01
   1.8500000e+01
   1.5000000e+00
   5.0000000e+00
   1.0000000e+00
   1.0000000e+01
   2.0000000e+01
             NaN
   6.0000000e+01
   3.1000000e+00
   1.8010500e+02
   1.5000000e+01
   2.0000000e+00
   6.0150000e+00
   1.5010000e+01
   1.0000000e+01
   1.2000000e+01
   1.0000000e+00
   3.0000000e+00
   1.7000000e+01
   2.0000000e+00
   5.0000000e-01
   3.0000000e+00
   3.5000000e+00
   4.5000000e+01
   1.0100000e+01
   6.0140000e+00
   9.2050000e+00
   1.5000000e+02
   3.5000000e+01
   1.0000000e+01
   2.0000000e+02
   6.0000000e-01
   2.2000000e+01
   4.0000000e+00
   3.0000000e+01
   2.2500000e+01
   1.5110000e+01
   3.0020000e+01
   8.0000000e+00
   1.0000000e+01
   8.0015000e+01
   1.7000000e+01
   2.0000000e+00
   4.5000000e+00
   2.5050000e+01
   8.0000000e+00
   4.0000000e+00
   3.9000000e+00
   3.0000000e+00
   1.0200000e+01
   1.0000000e+00
   9.0000000e+00
   6.5000000e+00
   1.5000000e+01
   2.5000000e+01
   7.0000000e+01
   6.0500000e+00
   3.5000000e+01
   8.0000000e+00
   1.4000000e+01
   2.0000000e+00
   4.0000000e+00
   4.0000000e+00
   1.0000000e+01
   2.5000000e+01
   1.4500000e+02
   7.0000000e+00
   3.5000000e+00
   3.0000000e+00
   7.0000000e-01
   2.0000000e+00
   6.0000000e+00
   5.0000000e+00
   6.0500000e+00
   1.0000000e+01
   2.0000000e+01
   4.0000000e+00
   2.0000000e+00
   3.0000000e+00
   5.0100000e+00
   4.0000000e+01
   5.0000000e+00
   1.0000000e+01
   2.0000000e+00
   7.0000000e+01
   2.0000000e+00
   5.0000000e+01
   2.5000000e+01
   8.0000000e+00
   1.0000000e+01
   8.0000000e+01
   4.0000000e+00
   1.0000000e+02
   4.0000000e+00
   2.5000000e+01
   2.0000000e+01
   3.0100000e+00
   3.0050000e+01
   7.0500000e+00
   8.0000000e+00
   3.0000000e+01
   1.6050000e+01
   1.0000000e+01
             NaN
   1.0000000e+01
   1.0000000e+01
             NaN
   1.6500000e+02
   1.0000000e+01
   1.2000000e+02
   1.5000000e+01
   9.0150000e+00
   1.5100000e+01
             NaN
   1.0000000e+00
   2.0000000e+00
   3.5000000e+00
   2.0000000e+01
   2.3000000e+02
   3.0000000e+00
   1.5000000e+01
   1.0050000e+01
   1.4015000e+01
   8.0200000e+00
   6.0000000e+00
   2.0000000e+01
   9.7500000e+01
   3.0000000e+00
   1.0000000e+02
   6.0000000e+00
   2.0000000e+00
   3.0000000e+00
   1.0000000e+00
   6.0000000e+00
   2.3000000e+02
   5.5000000e+01
   2.0000000e+01
   3.5000000e+01
   4.0000000e+00
   3.0300000e+00
             NaN
   6.0000000e+00
   3.0000000e+00
   4.5000000e+01
   4.5000000e+00
   4.0000000e+00
   5.0000000e+01
   7.5000000e-01
   1.1000000e+01
   4.0000000e+00
   4.0000000e+00
   4.0000000e+01
   4.0000000e+00
   2.2500000e+02
   1.0000000e+00
   1.5000000e+02
   5.0000000e+00
   9.3000000e+00
   4.3200000e+00
   2.0000000e+00
   5.0000000e+00
   4.0000000e+00
   1.6000000e+01
   3.0000000e-01
   1.0000000e+01
   1.2000000e+01
   3.5000000e+01
   7.0000000e+00
   1.0000000e+02
   2.0000000e+01
   3.5000000e+01
   7.0000000e+00
   2.5002000e+01
   1.0000000e+00
   3.0000000e+00
   6.0000000e+00
   5.0000000e+00
   4.5000000e+00
   1.8000000e+01
   6.0100000e+01
   1.2500000e+00
   1.7500000e+01
   1.0000000e+01
   3.0000000e+01
   1.0150000e+00
   2.0050000e+01
   5.0200000e+00
   1.5100000e+01
   5.0100000e+01
   2.0300000e+01
   3.0100000e+01
   7.0000000e+00
   5.0000000e-01
   2.5000000e+01
   3.1000000e+01
   2.3000000e+01
   3.0000000e+00
   1.2020000e+01
   4.0500000e+00
   1.0000000e+00
   5.0000000e+01
   5.0200000e+00
   1.2000000e+01
   5.0000000e+01
   6.0000000e+00
   9.0000000e+00
   1.3000000e+01
   2.5000000e+01
   6.0000000e+01
   5.0000000e+00
   7.0000000e+00
   5.0000000e-01
   8.0200000e+00
   1.8005000e+01
   1.5000000e+00
   1.5250000e+00
   3.0200000e+01
   1.0200000e+01
   4.0100000e+00
   5.0000000e+00
   2.0000000e+01
   1.5000000e+00
   1.5000000e+00
   3.0000000e+00
   1.5000000e+00
   2.0000000e+00
   2.0000000e+02
   5.0000000e+00
   3.0000000e+01
   3.5000000e+01
   2.5000000e+01
   5.5000000e+00
   5.5000000e+00
   5.5000000e+00
   4.0100000e+01
   1.6000000e+00
   2.1000000e+00
   1.0000000e+01
   3.0000000e+00
   1.5000000e+01
   4.0000000e+00
   5.0000000e+00
   3.0000000e+00
   4.0000000e+02
   7.0000000e+00
   5.0000000e+00
   5.5000000e+01
   3.0000000e+00
   5.0000000e-01
   1.0000000e+01
   1.0000000e+01
   2.0000000e+00
   2.0000000e+01
   1.5000000e+01
   8.0000000e+00
   1.1000000e+01
   1.7000000e+01
   1.0000000e+00
   2.2000000e+01
   2.0000000e+00
   5.0000000e+00
   2.5000000e+01
   3.0000000e+01
   5.1000000e+01
   1.2000000e+01
   2.0000000e+00
   9.0000000e+00
   5.5030000e+01
   8.0000000e+00
   1.0000000e+01
   3.0000000e+00
   1.0300000e+01
   1.5000000e+01
   3.0200000e+01
   5.0000000e+00
   5.0000000e+00
   5.0000000e+00
   2.5000000e+00
   1.8000000e+00
   8.0000000e-01
   2.0000000e+01
   7.0700000e+01
   1.3000000e+01
   2.3000000e+01
   2.0020000e+01
   3.0000000e+01
   3.0000000e+00
   6.0000000e+00
   3.0000000e+00
   2.0000000e+01
   5.0000000e+00
   2.4000000e+01
   2.5000000e+00
   5.0000000e-01
   7.0000000e+01
   2.0000000e+01
   1.0000000e+01
   1.0000000e+01
   2.0000000e+00
   4.0000000e+01
   1.0000000e+01
   1.0000000e+01
   2.2000000e+01
   1.0000000e+01
   2.0000000e+01
   8.0000000e+00
   2.0200000e+00
   3.1250000e+00
   1.5000000e+00
   1.5000000e+01
   1.5000000e+01
   5.0000000e+00
   4.0000000e+00
   2.0000000e+00
   5.0000000e+01
   5.0000000e+00
   1.7500000e+02
   7.1200000e+00
   3.5000000e+00
   9.0000000e+00
   5.0000000e+00
   1.5000000e+01
   1.5000000e+01
   5.5500000e+00
   5.0000000e+00
   4.0000000e+01
   1.5000000e+01
   1.5000000e+01
   2.0300000e+00
   5.0200000e+00
   1.5000000e+01
   2.0000000e-01
   4.0000000e-01
   5.0000000e+00
   8.0000000e-01
   1.0000000e+01
   5.0000000e+00
   7.5500000e+00
   8.4500000e+00
   1.0510000e+01
   3.0000000e+00
   2.0300000e+01
   1.2000000e+01
   2.0000000e+01
   4.5000000e+00
   1.0000000e+01
   5.0200000e+00
   2.5000000e+00
   3.0000000e+00
   5.0020000e+01
   3.0000000e+00
   6.0000000e+00
   1.0000000e+00
   1.0000000e+00
   1.2000000e+01
   2.5000000e+01
   2.0000000e+00
   3.0000000e+00
   2.8000000e+00
   8.0500000e+00
   3.0000000e+00
   3.0000000e+00
   1.0000000e+01
   1.1010000e+01
   4.0000000e+00
   2.6090000e+00
   1.9000000e+02
   2.0000000e+00
   7.0000000e+01
   5.0000000e+00
   3.0000000e+00
   1.6000000e+01
   2.0000000e+01
   5.0000000e-01
   1.5200000e+01
   3.0000000e+01
   1.0000000e+01
   1.0105000e+01
   1.3030000e+01
   1.0000000e+00
   1.0000000e+00
   2.0000000e+00
   3.5020000e+01
   4.0000000e+00
   1.4900000e+01
   1.0020000e+01
   2.0120000e+01
   4.4000000e+01
   2.2000000e+01
   8.2000000e-01
   1.2000000e+01
   1.0000000e+01
   1.0000000e+00
   4.0000000e+00
   4.6400000e+01
   1.0300000e+02
   2.0200000e+00
   1.6600000e+01
   2.2100000e+00
   2.0100000e+01
   3.0400000e+00
   7.0000000e+00
   1.0000000e+00
   5.0000000e+00
   5.0100000e+00
   3.0000000e+00
   8.0000000e+00
   1.0000000e+01
   1.0000000e+01
   8.0000000e-01
   5.0000000e+00
   1.8000000e+01
             NaN
   5.0000000e+00
   1.0000000e+01
   3.0000000e+00
   3.0000000e+00
   3.0000000e+00
   3.0000000e+00
   4.8000000e+01
   1.5000000e+01
   6.0000000e+00
   1.5000000e+01
   3.0000000e+00
   6.5000000e+01
   8.0000000e+00
   3.0000000e+01
   1.5000000e+01
   5.0000000e+00
   1.0000000e+01
   8.6000000e+00
   2.1500000e+01
   2.0000000e+00
   3.0000000e+00
   7.0000000e+00
   8.0000000e+00
   4.0000000e+00
   3.0000000e+00
   2.0000000e+00
   3.0000000e+01
   1.0000000e+00
   1.0000000e+00
   5.0000000e-01
   5.0000000e+01
   1.0500000e+02
   7.0000000e+00
   5.0000000e+00
   7.0000000e+00
   2.0015000e+01
   6.0000000e+00
   1.2000000e+01
             NaN
   1.0000000e+00
   1.0000000e+00
   1.4000000e+02
   2.5000000e+01
   1.5000000e+01
   1.0000000e+01
   4.5000000e+01
   2.0020000e+01
   5.2000000e-01
   7.3000000e+00
   1.0000000e+00
   1.5000000e+01
   2.7000000e+01
   4.0000000e+00
   3.0000000e+00
   3.0000000e+00
   2.5000000e+00
   1.0000000e+01
   2.2000000e+01
   3.0000000e+00
   4.0000000e+00
   1.3000000e+01
   1.9000000e+01
   1.3000000e+01
   1.0000000e+00
   1.0000000e+00
   5.0000000e+00
   3.0000000e+01
   4.5000000e+00
   1.2000000e+01
   1.0500000e+00
   1.7250000e+00
   2.2500000e+00
   2.2500000e+00
   5.0000000e+00
   3.0000000e+01
   1.0000000e+01
   1.0000000e+01
   1.0000000e+01
   1.0000000e+01
   5.0000000e+00
   2.5500000e+01
   2.0000000e+00
   1.0000000e+01
   6.0100000e+00
   1.0200000e+00
   6.0000000e+00
   4.0000000e+00
   1.0000000e+01
   2.5000000e+00
   1.0050000e+01
   6.0000000e+00
   1.7000000e+01
   1.2000000e+01
   1.0000000e+01
   5.0000000e+00
   1.0000000e+01
   3.0200000e+01
   1.0000000e+02
   4.0000000e+01
   2.0000000e+01
   3.0000000e+01
   4.7000000e+01
   2.0000000e+00
   1.0010000e+01
   1.5000000e+01
   1.5100000e+01
   5.0000000e+00
   5.0000000e+01
   3.5000000e+01
   8.0000000e+00
   1.0000000e+01
   1.0000000e+01
   5.0000000e+01
   1.0050000e+01
   4.7000000e+01
   1.0000000e+00
   1.0000000e+01
   8.0000000e+00
   3.2000000e+00
   8.0000000e+00
   1.4000000e+01
   3.0000000e+01
   9.8000000e+01
   2.0000000e+00
   4.0000000e+00
   7.0000000e+00
   1.0100000e+01
   7.0000000e+00
   1.7000000e+01
   5.3100000e+00
   2.0000000e+00
   5.0000000e+00
   5.0000000e+00
   8.0000000e+01
   1.5510000e+01
   6.0250000e+00
   3.0050000e+02
   1.5000000e+00
   4.0000000e+00
   1.1650000e+01
   1.0250000e+00
   1.0000000e+01
   6.3000000e+01
   2.0000000e+00
   5.0000000e+00
   4.0020000e+01
   5.0200000e+00
   3.0200000e+00
   2.2000000e+01
   2.0000000e+00
   1.5000000e+01
   6.0000000e+00
   2.0000000e+00
   4.0010000e+01
             NaN
   6.0000000e+01
   2.2000000e+01
   2.0000000e+01
   4.0000000e+00
   7.0000000e-01
   2.0100000e+00
   8.0000000e+00
   1.0300000e+01
   4.0000000e-01
   2.0000000e+01
             NaN
   1.3025000e+01
   4.0000000e+00
   3.0000000e+00
   2.0000000e+00
   1.3000000e+01
   3.0000000e+01
   4.5080000e+01
   1.5000000e+00
   2.0000000e+00
   1.0000000e+01
   8.0000000e-01
   2.4000000e+01
   5.0000000e+00
   6.5000000e+01
   7.0000000e+01
   1.7015000e+01
   6.5000000e+00
   4.0000000e+00
   7.0000000e+00
   1.0000000e+02
   3.2100000e+00
   9.0000000e+00
   4.0000000e+00
   1.0000000e+01
   3.0000000e+00
   7.0000000e+00
   2.5000000e+01
   7.0000000e+00
   1.5000000e+01
   2.0000000e+00
   5.0000000e-01
   3.0000000e+01
   4.0000000e+00
   1.4000000e+02
   2.0000000e+01
   5.0000000e-01
   1.5000000e+02
   9.0000000e+00
   1.0000000e+01
   4.0000000e+00
   1.0000000e+01
   3.1200000e+00
   3.0000000e+00
   3.0000000e+00
   3.0000000e+01
   3.0000000e+01
   1.0000000e+01
   6.0000000e+01
   2.0000000e+00
   2.0000000e+00
   1.4000000e+00
   3.8000000e+00
   2.0000000e+00
   1.0000000e+01
   4.2000000e+00
   6.0000000e+01
   1.0000000e+00
   3.0000000e+00
   6.0000000e+01
   1.1000000e+01
   1.5000000e+01
   7.0000000e+00
   1.2000000e+01
   1.0000000e+01
   8.0000000e+00
   6.0000000e+00
   5.0000000e+00
   1.0000000e+00
   5.0000000e+00
   1.5000000e+01
   4.0000000e+00
   4.5000000e+01
   3.0000000e+00
   2.0000000e+01
   2.6000000e+01
   4.0000000e+00
   1.0000000e+00
   2.0100000e+01
   1.0000000e+00
   4.5000000e+01
   3.0000000e+01
   5.0000000e+00
   1.0000000e+02
   9.8000000e+01
   4.0000000e+01
   5.0000000e+01
   1.3000000e+01
   1.0000000e+01
   1.3050000e+01
   1.0000000e+01
   1.0000000e+01
   1.0000000e+01
   7.0000000e+00
   7.0000000e+00
   2.0000000e+00
   5.2000000e+00
   2.0000000e+01
   1.2000000e+01
   5.0000000e+00
   3.0000000e+00
   5.0000000e+00
   5.0000000e+01
   5.0000000e+00
   4.0000000e+00
   2.0000000e+01
   1.0000000e+00
   1.8000000e+02
   2.0000000e+00
   4.0000000e+00
   3.5050000e+01
   9.0110000e+01
   2.5000000e+00
   1.3000000e+01
   1.6020000e+01
   3.0200000e+00
   2.5000000e+00
   2.5000000e+01
   8.0000000e+01
   6.0000000e+00
   1.0020000e+01
   9.5020000e+01
   7.0000000e+00
   4.0000000e+01
   2.0000000e+01
   3.0000000e+01
   1.0200000e+00
   1.0000000e+00
   6.5000000e+01
   1.0000000e+01
   1.0000000e+01
   6.0000000e+01
   1.2020000e+01
   1.5000000e+01
   2.5000000e+01
   8.0000000e+00
   8.0000000e+00
   5.0000000e+00
   1.8000000e+01
   1.5000000e+01
   4.0000000e+00
   1.0000000e+01
   3.1000000e+00
   5.0000000e+00
   5.0000000e+00
   3.5000000e+01
   5.0000000e+00
   3.0000000e+00
   6.0000000e+00
   1.5000000e+01
   9.0000000e+00
   3.0000000e+01
   6.5000000e+01
   7.0000000e+00
   8.0000000e+00
   2.0000000e+00
   9.0000000e+01
   4.5010000e+01
   3.0200000e+00
   2.0200000e+00
   1.0100000e+01
   6.0000000e+00
   1.0000000e+00
   2.0000000e+00
   5.0000000e+00
   2.5000000e+00
   1.5000000e+00
   1.0200000e+00
   4.2000000e-01
   2.0000000e+01
   1.0000000e+01
   3.0000000e+00
   5.0000000e+00
   2.0000000e+00
   8.0000000e+00
   8.2000000e-01
   3.0100000e+01
   5.0000000e-01
   5.5000000e-01
   4.0000000e+00
   1.2000000e+02
   5.7000000e+01
   1.4020000e+01
   9.0050000e+01
   2.0100000e+00
   3.0110000e+01
   1.5000000e-01
   4.5000000e+01
   1.6000000e+01
   2.0025000e+01
   5.0000000e+00
   2.0000000e+01
   2.0000000e+00
             NaN
             NaN
   1.5000000e+01
   3.0000000e+00
   3.5000000e+01
   1.5000000e+01
   4.0000000e+00
   5.0000000e+01
   5.0000000e+00
   1.9010000e+01
   4.0000000e+00
   3.0000000e+00
   6.0000000e+01
   3.0000000e+01
   4.1000000e+00
   1.0000000e+00
   6.5000000e+01
   1.0000000e+00
   2.5000000e+01
   4.6000000e+01
   5.0000000e+00
   3.5000000e+01
   4.0000000e+00
   3.0000000e+00
   1.1000000e+01
   1.5000000e+01
   1.0000000e+00
   3.0000000e+01
   4.0000000e+00
   4.6000000e+01
   3.5000000e+01
   6.4000000e+00
   4.7000000e+01
   4.5000000e+01
   2.2500000e+01
   3.0000000e+01
   5.9000000e+00
   2.3000000e+01
             NaN
   8.0200000e+00
   8.0000000e+00
   6.0000000e+00
   1.5000000e+01
   3.2000000e-01
   1.0200000e+00
   1.0200000e+00
   5.0000000e+00
   1.0000000e+00
   3.0000000e+01
   7.0000000e+00
   1.5000000e+01
   2.0000000e+01
   5.0000000e+00
             NaN
   6.0000000e+00
   3.0000000e+01
   2.0000000e+01
   3.0000000e+00
   5.0000000e+00
   3.0000000e+00
   5.4000000e+00
   2.0000000e+00
   1.0000000e+01
   1.7500000e+01
   3.0000000e+01
   5.0000000e-01
   5.1000000e+00
   5.1000000e+00
   1.3050000e+01
   8.8000000e+00
   4.0000000e+00
   7.0000000e+00
   3.0000000e+00
   3.7000000e+01
   5.0000000e+00
   1.4000000e+02
   7.0000000e+00
   1.0210000e+01
   3.0000000e+00
   2.5000000e+00
   1.7000000e+01
   1.0110000e+01
   2.2020000e+01
   2.5000000e+01
   4.0000000e+01
   5.0500000e+00
   2.0000000e+00
   3.0000000e+00
   3.0000000e+00
   1.0020000e+01
   7.0000000e+00
             NaN
   3.0000000e+00
   2.5020000e+01
   5.0100000e+00
   1.5200000e+00
   8.0200000e+00
   2.0000000e+00
   7.0000000e+01
   5.0200000e+00
   7.9100000e+00
   9.9000000e+01
   2.0020000e+01
   2.0020000e+01
   4.0000000e+00
   1.5000000e+00
   1.5000000e+01
   1.5000000e+00
   7.0000000e+00
   1.0000000e+00
   4.0000000e+01
   2.0000000e+00
   5.0000000e+01
   2.0000000e+00
   1.2002000e+02
   7.0000000e+00
   3.0000000e+00
   1.0000000e+01
   1.0000000e+01
   2.0000000e+01
   1.2000000e+01
   7.0000000e+00
   5.5000000e+00
   2.2000000e+01
   1.7000000e+01
   1.2000000e+01
   1.2000000e+01
   4.0000000e+01
   7.0000000e+00
   1.5000000e+01
   2.5000000e+01
   1.3000000e+01
   2.5000000e+01
   9.0000000e+00
   2.5000000e+01
   1.5000000e+01
   1.0000000e+01
   1.5000000e+01
   2.0000000e+01
   7.0000000e+00
   8.2000000e+00
   7.4000000e+01
   6.0000000e-01
   1.0000000e+01
   7.0000000e+00
   4.0000000e+00
   3.1500000e+00
   1.2000000e+01
   3.0500000e+01
   1.0000000e+00
   1.4000000e+01
   2.5000000e+01
   1.0200000e+00
   3.0100000e+00
   5.0000000e+00
   5.0000000e+01
   4.0000000e+01
   3.6000000e+00
   6.4000000e+00
   1.3900000e+01
   5.0000000e+00
   3.0000000e+01
   1.5000000e+01
   3.0020000e+01
             NaN
   4.0000000e+00
   6.0000000e+00
   2.2000000e+01
   6.0000000e+01
   1.5000000e+01
   7.0000000e+01
   5.5000000e+00
   6.0000000e+00
   1.5000000e+01
   1.0010000e+02
   1.0000000e+02
   2.0000000e+00
   1.5000000e+01
   1.5000000e+01
   2.5000000e+01
   7.0000000e+00
   1.0000000e+01
   1.0300000e+00
   5.0000000e+01
   1.1000000e+01
   1.1000000e+01
   2.0000000e+00
   8.0000000e+01
   1.0000000e+00
   1.0000000e+00
   7.0000000e+00
   1.5000000e+00
   5.0020000e+01
   5.1000000e-01
   1.0150000e+00
   2.5000000e+01
   5.0000000e+00
   6.0000000e+00
   2.0000000e+01
   4.0000000e+00
   2.0000000e+01
   2.0000000e+01
   1.9100000e+01
   2.3000000e+01
   4.0000000e+00
   2.0000000e+00
   2.5000000e+00
   3.0000000e+01
   6.0000000e+00
   4.0000000e+00
   5.0000000e+01
   3.5000000e+00
   3.0000000e+00
   6.0000000e+01
   3.0000000e-01
   7.0000000e+00
             NaN
   5.0000000e+00
   1.0000000e+01
   7.0100000e+00
   4.0000000e+00
   1.0000000e+01
   7.0000000e-01
   5.2000000e+00
   4.5000000e+01
   1.5000000e+01
   8.0000000e+00
   1.0000000e+01
   1.5000000e+01
   1.5000000e+01
   3.0000000e+00
   5.0000000e+00
   3.0000000e+00
   2.0000000e+01
   3.5000000e+00
             NaN
   2.0000000e+01
   3.0000000e-01
   4.0020000e+01
   6.1000000e+00
   1.2000000e+01
   1.0000000e+01
   2.3100000e+01
   1.0000000e+01
   5.0000000e-01
   1.0000000e+01
   5.0000000e+00
             NaN
   1.5200000e+00
   5.0020000e+01
   8.0000000e+00
   5.0000000e+00
   3.0000000e+00
             NaN
   5.0200000e+00
   2.5020000e+01
   3.0100000e+00
   2.0020000e+01
   3.0000000e+00
   1.0020000e+01
   3.0000000e+00
   3.0000000e+01
   1.2020000e+01
   1.0020000e+01
   2.0000000e+00
   3.0000000e+00
   2.5000000e+01
   4.0000000e+01
   9.0000000e+00
   2.5000000e+01
   1.0000000e+00
   2.0000000e+00
   8.1000000e+00
   7.5000000e+00
   2.0000000e+01
   2.0000000e+01
   4.0000000e+00
   6.0000000e+00
   1.5000000e+01
   2.0000000e+01
   8.5000000e+01
   1.8000000e+01
   6.0000000e+00
   4.0000000e+00
   2.0000000e+01
   2.0000000e+01
   2.0200000e+00
   8.0200000e+00
   4.0000000e+00
   5.0000000e+00
   7.5000000e+00
   1.2000000e+02
             NaN
   3.0000000e+01
   3.0000000e+01
   1.0000000e+02
   4.0000000e+00
   3.0000000e+00
   5.0000000e+01
   8.0000000e+01
   1.0000000e+01
   4.0000000e+01
   2.2000000e+00
   2.0000000e+01
   1.2000000e+02
   1.0000000e+01
   1.0000000e+01
   2.2000000e+01
   2.0000000e+01
   3.0000000e+00
   1.0000000e+01
   2.5000000e+01
   1.0000000e+01
   1.0500000e+01
   4.0000000e+01
   1.1000000e+02
   2.0000000e+00
   1.5000000e+01
   2.0000000e+01
   7.0000000e+00
   9.0000000e+01
   1.5000000e+01
   5.0000000e+00
   8.0000000e+00
   5.0000000e+00
   1.0000000e+01
   7.0000000e-01
   3.0000000e+01
   2.5000000e+01
   1.0000000e-01
   3.0500000e+01
   1.0000000e+01
   1.0000000e+01
   2.0000000e+01
   2.0000000e+01
   1.5000000e+01
   1.7800000e+01
   1.8000000e+01
   6.5000000e+00
   3.0000000e+02
   2.0000000e+00
   2.5000000e+01
   4.0000000e+01
   4.0000000e+00
   1.0000000e+01
   1.0000000e+01
   8.0000000e+00
   5.0200000e+00
   6.0200000e+00
   4.0000000e+00
   2.0000000e+00
   2.0000000e+00
   7.0000000e+00
   2.0000000e+00
   5.0000000e+00
   2.0000000e+00
   1.0000000e+01
   2.6000000e+01
   9.0300000e+00
   2.0100000e+00
   4.0000000e+00
             NaN
   8.9000000e+01
   1.0000000e+00
   6.0000000e+00
   2.0000000e+00
   3.5000000e+01
   7.7000000e+00
   2.0000000e+00
   6.0000000e+01
   3.0000000e+00
   9.0000000e+01
   7.0000000e+00
   5.0000000e+00
   2.3000000e+02
   8.0000000e+01
   1.0000000e+00
   2.0000000e+01
   3.3500000e+00
   3.0000000e+00
   5.0000000e+00
   5.0000000e-01
   8.0000000e+00
   1.5000000e+01
   1.1000000e+02
   3.5000000e+01
   1.3000000e+00
   2.3000000e+00
   6.0000000e+00
   5.1000000e+01
   1.0000000e+01
   1.0000000e+00
   2.0000000e+00
   4.5000000e+01
   6.0000000e+00
   5.0000000e+00
   6.0070000e+01
   1.5250000e+01
   8.0000000e+00
   4.0000000e+01
   1.5000000e+01
   7.5000000e-01
   7.0000000e-01
   1.4000000e+01
   2.1000000e+01
   1.0000000e+01
   2.0100000e+00
   5.0000000e+00
   5.0000000e-01
   1.1500000e+01
   3.0000000e+00
   3.0000000e+00
   3.0000000e+00
   4.0000000e+00
   9.0000000e+01
   5.0000000e+00
   1.5000000e+01
   7.0000000e+00
   4.0000000e+00
   2.5000000e+00
   5.0000000e+00
   5.0000000e+00
   3.0000000e+01
   4.0000000e+00
   2.6000000e+00
   1.6000000e+02
   8.0000000e+01
   3.0000000e+00
   5.0000000e+00
   3.0000000e+00
   3.0000000e+01
             NaN
   1.3000000e+01
   3.0000000e+00
   1.0000000e+00
   4.0000000e+01
   6.0000000e+00
   1.6800000e+02
   3.8100000e+00
   3.8100000e+00
   1.0000000e+01
   7.0000000e-01
   3.0000000e+00
             NaN
   3.0000000e+00
   7.0000000e+00
   1.0000000e+00
   7.0000000e+00
   1.0000000e+00
   2.0000000e+01
   9.0000000e+01
   1.1000000e+02
   5.0000000e+00
   8.0000000e+00
   3.0000000e+00
   2.1000000e+01
   2.0000000e+00
   3.0000000e+01
   2.0000000e+00
   2.0000000e+01
   5.0000000e+01
   5.0000000e+01
   2.7000000e+02
   2.5000000e+01
   5.0000000e+01
   2.0000000e+00
   1.0000000e+00
   3.5000000e+01
   3.0000000e+00
   3.0000000e+01
   2.0000000e+01
   1.8000000e+02
   7.0200000e+00
   7.0200000e+00
   1.0000000e+02
   5.0000000e-01
   3.6000000e+01
