Tags of 'building':  {'garage', None, 'garages', 'yes'}
Tags of 'amenity':  {None, 'parking_space', 'parking'}
Number of filtered features (public parking places):  1719
34274.360599414504
5236.150491538254
5746.7242400489995
4071.780019043239
45534.70635854872
110537.88391559751
97829.6803888767
211518.89376944955
178639.60639875213
119094.45025199454
113080.84802755789
10711.672687443672
0
29593.113092537154
27191.67731852457
36104.84393144259
2467.904640304856
36321.01761803683
25314.503781486303
14875.631500827149
19844.818280549895
12604.589831753605
7701.055714222151
10204.432114520634
18250.86194898392
29571.8302918783
4658.905854560202
34983.02376097959
55164.66539973667
27942.30960542767
20717.926624340005
24036.917617851082
52464.80192459552
12711.904658480547
14455.254527746642
49102.89463163656
18551.34701737325
23347.07560302125
0
52185.62209125934
1641.0989443846047
78836.61148165946
29042.871672890382
34990.14996158343
13685.13091644086
10144.01418613107
9415.845522133866
11046.728177279467
466.1076288977638
0
12291.604141566902
45933.24149202183
948.9372585397214
4508.1788937477395
14524.692645009025
0
12708.748847767944
15067.740603668848
9631.186873579514
15.798713630763814
3189.4564483696595
1596.7248683967628
33555.58631463093
25064.57377472159
18236.19600703183
21797.009574491763
14714.671855617315
7629.366465513187
5007.6915855985135
21414.955821525306
5325.402810396015
32813.610855328734
24078.164838598343
12426.364127889043
845.6205013149884
539.8630897291005
3603.2308217708487
1750.482960458845
19534.066878501442
11598.691193779465
0
44531.328989490736
45129.99476672686
0
0
6946.93598017795
3011.2384998889174
99272.56655124482
32847.378792462696
6991.15679662989
18234.161413383437
16012.315126253292
14425.037849380053
2860.5081640236895
17118.49012389593
17190.72104200552
20021.029850812338
6112.85449868053
35965.60019710404
30206.920773661754
16414.243308622972
26023.001210122602
43010.201278764434
0
41540.03764407513
35167.65357341932
57265.89841254236
24389.584306964476
17672.14091631028
7316.849909770244
17532.445736452937
12479.866861713119
11444.045617187396
21709.47036170587
33269.589453211986
116809.68628867189
24597.932375091186
12463.51795685268
15483.686805126403
19246.77213667007
18827.722810429594
14913.813206474064
11345.149624974714
15596.833338862052
13431.612433107366
16727.143457684433
8273.475827967384
4093.4110524835996
36772.73745997832
254.01969787781127
0
44710.78925398068
8280.98913531506
48137.80151788914
25954.28828374995
32394.190335228923
11242.85583719323
0
53512.02119351644
16880.690745802596
31756.49473408796
31062.476455348602
20126.73078243574
26807.670134211425
19113.077342174452
18107.729043773114
17538.205422929255
19617.613631481538
17488.322921913117
17488.322921913117
1226.2529207626358
75299.80097529292
12595.559199327487
5238.530061325146
2782.776203828602
12924.152586945333
23777.481613170356
35205.18815423106
27569.02889801885
17501.744269459683
51421.125865972135
9490.199693661532
14621.770252485294
10153.575892605353
29848.910699625587
17881.35468625612
21017.219946731406
25697.27971423464
24123.365606256586
11475.608024440444
11665.050690162374
24963.33360173175
23343.5281263723
21941.910881836502
28566.48155951244
18083.309757104405
6466.669833076739
51999.56687177159
51999.56687177159
12929.851394027937
9351.53691141354
10614.029822982382
20485.429813957264
10920.304764676082
30414.22713264171
24722.829611273482
86736.93546570139
6139.059700309532
54953.49373312015
22537.716843520757
24679.21315328777
9860.071358392903
30111.947278059088
17410.911526864395
24414.34594219271
26981.15808750596
4097.06755982223
22564.84554887144
22715.240200659726
14797.135043834569
14751.820654143346
15064.23666544049
12180.654960032029
8430.693034287542
9808.644178199582
20361.031556628877
6882.481247327174
15340.72400581045
25765.551593633718
18657.609099220834
89318.19115570362
16630.909437806113
11561.952532600655
8939.6174129352
12587.352443803335
2881.8049964727834
16953.441382713558
52033.95050236484
20849.10603307601
1559.6732910037972
878.9423763081431
16140.128868837608
13657.209422435611
14066.189157166868
13260.40969991393
8308.144645118038
10123.128618445015
2635.548743987456
3931.077434023842
0
2549.3760288096964
81292.12283414509
2512.2832892127335
2021.1590131092817
11796.044821606949
7505.965809471905
11113.426316047087
14131.410729078576
9877.34737585904
11977.551875187317
21007.933123026043
22643.84039794281
3533.8968379925936
8523.634942728328
10445.157482290175
11825.29129707301
20750.282642132886
13942.451515173161
21100.54185288014
14357.207266135141
31045.84253697493
27009.699036916485
18420.029026156582
11789.770488224924
18092.70003361185
17668.12651686027
15278.60334239906
18271.678040706516
32424.90452784853
17138.999523863793
6173.513422022472
21133.521369612456
17604.841730488275
12887.793957415037
11735.51079787231
8042.288242648123
14506.60235718335
16814.13244703073
11735.51079787231
21829.611923062577
17058.074924780754
18715.177161747866
22856.365420152288
21689.035607068887
16283.51703461101
27486.589938981037
18079.81656724638
8138.040964138869
9672.681076971305
6463.533649087269
6714.923895835294
7237.738368441293
6197.6947759894065
5529.630286411277
9078.493784920138
7138.512288528029
8902.626968286932
0
6998.384336679708
9703.711374017003
8619.41578266339
8335.98493309517
5496.8383861053735
4968.259505929425
6200.373004745983
4622.910496024415
1376.0689289532602
11161.497993733952
5039.221432981081
6109.243711553514
14029.979712183369
13588.009309689078
15637.974135993514
19997.557468255516
12749.436840420822
7768.172884490108
21524.87169816089
12993.63220402971
11733.756608322263
9032.949086364824
13044.441983860452
15112.682331700344
22872.88575756224
17902.18902883609
9967.575844625346
10703.666024939856
17977.437010224443
16416.76051941258
10839.628455562983
10422.049006638816
12332.284106095321
22208.085890200324
8998.091702873586
22694.650671485113
20354.840406447882
15632.824864073773
17885.08419857346
14479.158318039234
11320.421396072721
17920.100199818087
10399.036588587565
6877.206604910549
9294.25080447062
18005.166549401474
8393.564452562016
3109.167297180742
14115.843230914063
7400.058917691931
6197.785651544284
24164.69360690887
8745.643844945997
17612.517433710862
11357.897139144188
8841.992588277906
13617.777041174355
11081.564102459466
9701.591450129483
11507.332938178733
11340.728985099762
10185.102751032275
13782.143001980148
4218.655262622095
9667.447609528434
13011.798986269161
14931.746059561148
15461.714625779423
1627.8756116051227
11969.550570769235
12711.566182089038
21405.41488472477
10856.783445123583
12464.184642219101
14391.934420355537
39701.71202491067
5253.626517481171
44485.38259281713
4143.212151939049
3557.8687284477055
0
22028.233179172268
1472.4462231269572
3763.42440551483
9708.35286458861
21119.571613067994
10305.700912533735
9888.085182830924
8329.560197484447
9197.646964990767
9658.648936476326
35522.63109711133
17024.283840047196
24620.181532923132
17686.4690498095
23202.67216292955
23868.4877629932
18354.308498498052
8938.201001925452
16569.54295256175
27052.79355443013
58133.64640672231
14415.154620709247
21289.829635641974
29944.12935655215
20946.88935926929
15879.478123690234
11460.724865837488
12132.475833245215
18173.697590312076
9271.458326675707
10265.764755201188
15155.540881659632
9046.11380785667
18606.179445497226
18606.179445497226
15312.324780052033
22193.93444073016
30638.075055287365
30962.54846772668
25675.51016547752
14368.62283454882
13191.668736439882
12593.671337739332
16309.150916308208
19104.69478092667
23780.73277628397
21677.354814526378
10967.420537047787
25729.67778324854
21666.48435353744
22722.622779321624
40263.07744077151
24667.003403750015
30468.5383753262
8230.252812973224
14241.919545738143
11938.81141112512
18744.374100910383
0
9995.396458815318
16131.238519425504
4402.613461915404
16131.238519425504
30049.37793575274
10762.610015178157
19967.876153138932
21640.931000761688
11806.828649449715
18178.531288192753
14111.897184036206
17508.41267724661
9236.298198486562
16160.280663521175
20553.832841157913
14033.542841003742
25213.793604785897
4344.83585489064
16148.532019241946
16350.245479550678
29725.102077357937
7081.241693816846
21798.464650951908
31270.14439800009
22900.201630349504
20031.341349564493
27244.774000265985
20316.6142501242
16755.51272045076
13405.982922337484
10474.413966677617
19231.335703105753
8960.31580113442
8936.11472862539
13551.174052667557
11497.984831499576
12882.7413246879
17601.43834681
19703.97115803504
21759.91948913422
12164.304402063717
15086.037092368293
14367.2301264493
14163.432360218096
16540.08329361111
13716.787644270837
6779.638631936163
18210.236020679775
12243.116585455718
10464.286374186337
10338.126512256567
6340.5233620539075
6881.883077424805
6871.942660872359
16860.010035222396
10489.457145694847
11774.5468677389
10156.395809782072
8790.929063349497
10555.620168530964
11323.942686398746
13116.424466152966
13787.345754146867
13888.794808364648
9825.612758548727
10753.35503013042
12344.725090697932
10276.41849045371
12028.479627427412
16188.32892019255
13355.117607291148
12197.530665983184
6696.9055335896555
10635.380728647113
5123.882560202852
10093.521257885732
7868.109361533541
9141.947035219986
5149.8535476299
5418.116395940073
41583.36351708061
38051.0151981184
18990.747654606384
35066.30556018057
28093.69320844137
30215.430372319184
26270.87640645844
30172.97763063584
27372.798744930536
30918.281887239427
745.3042566035874
12872.364638325293
21417.936764658894
4355.624839340337
2114.5948855020106
17288.298674644175
4355.624839340337
12706.340964295669
4355.624839340337
12466.765171747626
13691.483788070967
86746.80127616061
2114.5948855020106
4355.624839340337
4355.624839340337
39496.33336276861
19292.001620433875
15939.54776999494
31676.749611714855
32229.036816382315
12834.32426389167
20623.384060378186
22159.076809492544
22159.076809492544
14408.91130465269
37377.91488995077
26691.065623935778
41362.364090775605
13317.576705932734
17764.924872120842
7774.3889113543555
19297.71521698183
36082.16608558316
25873.39677946642
7400.639539573822
30935.988781126085
31938.77939233929
63401.53971551452
40409.88323252648
45420.661399564706
36312.72976722568
11682.537609434337
6695.01229132287
13733.928341322811
45926.29782670783
25984.686892647762
46317.4356886365
1750.1767837761436
22721.261173777602
37481.918485702714
20480.986306675244
15159.032238407119
19944.238220907748
38218.39265781731
25554.131098916754
13744.35768285906
32368.574606071576
44614.23993452935
49229.05197170295
30854.683842770522
38003.74423679925
29916.69824864599
42733.01531550725
27459.296474674833
12524.71036207967
6224.413136967458
27350.546030267928
22112.593882434856
10236.387904328294
30388.067938953493
32221.125174073357
9545.775141546968
18860.56043757638
9410.542250616476
15816.820832196157
15816.820832196157
32341.057235261193
26680.73811125569
24076.524057540228
7512.340765648987
12573.835105689708
22986.471859056503
33758.52035115019
7431.237677232828
8925.818209275287
17463.27447901006
12504.21531924745
27001.923497646436
27323.3255403371
19168.788388289046
17932.17745866347
28320.043124841846
14357.011885496322
8886.554756932892
18485.036484267246
22662.71653732471
25681.188084150665
19898.121091223322
25096.441882373998
16676.723199144853
35282.36470853971
14088.645946810022
14253.415583152091
6666.076404472347
20711.565910781734
16500.817936298437
6208.7261936912255
25787.732370834186
25988.443734888308
25787.732370834186
3846.02629025653
11834.237459535914
9970.052398285683
10730.462643831037
7603.696708507836
12885.687563493615
12509.796341429465
9677.518756051606
7795.9249463091255
5787.691032245755
6334.225182753056
8782.656816116069
12741.891535757808
6966.33595533832
11094.547059018165
5542.66131865792
14916.851392839104
16932.897739784792
13045.734144872986
6487.285285539616
9177.383242386859
11548.237403256975
19628.62995728012
22585.679636075627
14796.902117140358
18714.70361021976
20913.204194280785
18433.639547226252
39400.446874733185
21007.95649636956
11884.275720927864
22880.58921513497
17890.976095053833
27607.015656496864
16586.57721236162
33164.337673312984
22349.027340029483
19275.347689530347
23017.44988042186
2014.6520660063252
1769.8851516604773
3375.574410451518
13546.087860625645
15802.244070093846
17853.37670443044
14551.831315076794
11398.215390352532
13829.792444093153
10700.983399393503
11043.045752930513
9578.136734832206
10559.376371774702
6917.0039539587415
8391.0887037945
8300.783100636327
4091.367526495829
7306.998187974561
5971.076627519913
6647.177578221075
6027.253610129468
6744.2629215470515
8415.428206430515
8415.428206430515
9611.997099326923
14171.304092368577
15994.119729747239
40817.40130259795
51884.72201540647
9946.673534478527
46069.494111404754
41894.86401315685
51926.66965640057
51968.64407616854
58419.93383290619
12440.433909617364
11297.878634615801
12477.777182079852
14985.959692467935
10867.800553971436
11572.559513099492
18949.71689089667
10807.526127351448
10567.124757424463
10807.526127351448
16340.665348347276
10567.124757424463
18949.71689089667
10697.9247288201
12338.346512004267
14043.298828709405
14153.17403185647
7168.975939239375
14454.526432946324
12335.906201710168
16226.631698451005
12674.282883202657
11174.04573933332
16538.343788176775
12041.215203086555
7633.262855232693
9172.62405673135
11521.977480766363
10895.063809157116
11573.951660460792
13119.794814036868
9867.509624786675
9236.639247871004
10878.144666975364
11011.313904579729
12620.164780798543
13354.008692495525
12595.385001442803
23572.140610550996
28590.38718833262
13539.663790691877
8343.037538467208
15514.34383772267
15338.803036445286
15653.822201939533
11478.452467570518
1185.8191642330494
15940.264272562723
16657.516566070226
14841.91649534204
9687.042132054921
8864.188819234725
12014.700906943413
4397.59286716918
16894.261844665278
12577.763007221976
2415.029504833743
7814.497602883144
9990.318489294012
8096.943197459914
11815.687236770755
7229.088335160341
12892.46157167654
19645.86451451562
24128.514602745185
17438.825523248874
65571.29022254283
0
3330.5515774097294
30247.149676807225
14812.123884899833
13967.538136774383
29806.020112284168
35818.45968834311
26912.717834773473
4607.682619853411
0
9100.874595671892
9100.874595671892
9100.874595671892
9100.874595671892
9100.874595671892
19716.73056345433
3352.81453173887
12281.491957637016
14837.108294220176
19081.008606405463
21850.664282288402
4417.693112578825
13843.345716948272
11846.356285944581
6518.544741643156
23788.98813745007
8087.841771388426
15698.186647989787
4706.531057719141
22998.153520334847
10476.797933918075
11807.975563253043
20137.898697437835
20748.079722676484
8510.84220399025
22699.51518830062
8379.797301139683
19400.323614204754
11601.171628668206
10207.39203000255
22621.74867171851
12336.362048555166
13227.60026261455
25260.60349021631
11544.355331082828
22474.721425834112
21997.837917951634
10007.946052081417
9944.679671726655
24438.757591581903
16683.12571684923
23512.01571810711
24298.841953766532
17721.925873155706
25883.360426203348
11595.339012257771
26944.032087275526
24394.45482279244
25215.8861305404
29286.73275199253
31946.87878779089
9376.736312444322
10946.608539707959
4026.2032509585842
9453.870619978756
10882.830026976764
7191.759321762249
35549.00124969339
3754.792013245431
536.0052306831349
10784.896539423615
25594.4508355952
7070.845860136207
11326.837862695567
12007.334369864402
23815.475347313564
19582.141198718222
7507.232549311244
8159.879085903871
6824.266376554209
23003.835737756686
18150.98520157818
22987.97806677074
18048.431018839037
16371.323602301884
11494.014804435836
37777.9904941637
15739.657086268067
26464.087788848672
21797.11406268319
9946.258684098255
21936.093018833082
26523.938649450894
22851.058656226378
14046.865341762546
14046.865341762546
24971.250583550427
9946.258684098255
15949.804921664298
9961.492826733855
11873.937929398497
23738.14211279247
17414.915116804885
4430.993042553775
5722.075142046902
4366.42258783523
7077.292824712582
6117.1973511902615
4430.993042553775
4143.0689231278375
15749.065099763684
4221.313708924223
10076.346082335105
13125.366096074693
13418.839332358912
11499.22282668855
4995.488100865647
15839.774880017969
8222.932495502406
12944.039779783867
11781.479879105173
11598.734130781144
7685.082537491588
11245.153173537925
7443.529485759907
6418.618354225182
10220.711850037042
5411.340644405005
10763.050220256322
17394.728473097086
13286.68519033119
18001.403688527178
16300.868953010533
23419.64870299166
10781.046812781133
9470.422027132474
23965.49153677374
26025.373317723628
30994.956629657187
23464.502158896066
12043.362281875685
16539.3506417647
18660.936881941743
12515.969545256346
7876.800834132358
15512.579210450873
7325.907145110425
11271.37506886106
7016.489916652441
18957.06587060634
16436.09359344002
17781.514607318677
19473.112002805807
15888.026060924705
8783.147006788757
7540.470097609514
13486.51875251504
12501.066144406688
12703.591111934715
12113.592667607765
11666.50513631542
12018.801183573261
7703.820581919805
8966.174723162083
6364.236852126342
11340.67935141892
13364.848335908726
55360.558909094194
15482.319479027763
16826.08236396429
16446.62468013377
16412.417949914234
15264.181313838111
9733.933916984533
26420.181364818105
38624.8604464987
38202.704591655216
17175.190536233422
10465.760110689793
26686.25485445783
20521.160920477938
20703.770080136368
14052.576095139448
18863.48645865357
8968.867520205094
10632.951924901892
12612.958105139536
13418.084345052717
12678.462548214171
11214.30932819075
7878.817077716114
10503.635258451337
15705.341704791528
10201.510430272669
6590.482463829452
6871.033386184834
7481.399157151114
8033.071738840081
13039.988393332344
9281.543919133022
5569.238521151856
9587.996257910534
10035.105396951694
9264.787697847642
7849.488093323656
6160.394613913493
5050.166730771158
6279.202931846958
6357.069433862402
7038.072356590259
5713.582759985264
10173.353190000915
12670.302544099133
8405.1543065691
8299.243872283376
11490.156880299794
7710.826028834679
11961.763273812598
9063.528527176124
13014.32238486479
12828.496228934731
10679.76700078696
7495.706114768283
11679.968391254311
10383.022443103138
13358.336967610754
12077.049948321888
12188.30197059561
41096.05547747156
24690.78338400407
25093.13243695807
24802.528983334472
7782.164121899696
32336.056758048595
15891.674691055552
18716.46612600446
2063.6353955082595
30811.074882435016
32801.34089611453
23155.052217757446
31507.837335213786
0
11850.176499037072
12132.944114433601
4706.342263405793
62160.109555718955
12894.25732239196
115981.86752772913
12390.44490423036
2484.9305024626374
0
0
0
0
0
0
0
0
0
0
0
0
0
0
83387.39335822006
19093.782587399008
16099.684448810469
6828.221643402736
18398.68313235673
14752.69197512418
34876.31253734314
19655.906973592937
8825.089736971073
21729.19586825212
17909.49272301048
19655.906973592937
12187.369666771032
0
10234.96730587189
19758.64290840301
23685.436658874125
14851.29707887827
4668.059274157509
1564.3245725110173
23712.6827356969
17388.72074169945
10469.939951962791
35696.77841717625
11387.957889666257
1804.6236149385222
2631.1786695295013
1348.3785839814227
2820.4642128699925
75506.62688572239
0
4808.414918369148
0
3179.4934707222274
2904.140460784314
11966.716328424402
13752.458597370889
13260.023560647474
18190.901029771747
21740.695227173157
28345.242311595473
9024.405989634804
27277.815474811476
33034.045542925596
15877.503610032873
2653.8953563184477
0
4820.816770720761
910.6996564795263
864.0835284409113
23073.46477752924
23073.46477752924
23073.46477752924
0
0
23073.46477752924
23073.46477752924
0
23073.46477752924
23073.46477752924
23073.46477752924
23073.46477752924
14784.02774192486
70575.90654055309
67223.64263865259
240.5369080817327
89821.5450187875
90520.97850500047
28478.668757307343
19944.57745946847
23095.175639047346
0
0
0
0
0
0
0
0
0
0
0
0
0
0
0
0
0
0
0
0
0
0
0
0
0
0
0
0
0
0
0
0
0
0
0
0
0
0
0
0
0
0
0
0
0
0
0
0
0
0
0
0
0
0
0
0
0
0
0
0
0
0
0
0
0
1095.7053580712527
18782.34044905954
2361.203149965033
1869.0977650787681
21087.73944716528
1869.0977650787681
21245.345926100388
29635.739182267338
35876.133744568564
29401.69760833122
27430.426624400425
59312.79208665923
34679.64823257795
20319.085947480984
12152.955427114943
10303.476514219306
10100.786851023353
8071.780170412967
10979.657349878547
7742.5650089136325
9371.660959727364
9030.312887222506
9661.145371389575
8856.332871502356
7978.583467123564
7112.298021339637
8810.446755233133
10594.271143233262
10014.031583739954
9208.988671032828
9141.421946443152
11047.22972562001
9418.431162952445
10663.532157784328
17096.80871667806
21474.182660701452
9631.124670981895
6449.258657383034
9087.16253211489
8202.030212532729
9111.704253081349
8530.637737558223
11787.32245031558
9349.100146115758
1302.8048569979146
6503.753425183473
10131.857659022207
10495.340698355867
13772.103808000393
16070.859855172515
14473.133286822587
60533.59499311866
142183.9849721446
74689.5782476454
31969.778200473113
3340.629076639423
0
0
3101.3226385824382
1833.940438083373
18300.0765228644
12526.71597355185
19934.660822689068
6346.153897811659
5495.111364364624
11670.75822024513
8557.710998721595
3833.1024592518224
8556.655807245406
7094.999228824236
4175.76128884661
4175.76128884661
43321.6107152598
6958.063736309585
9277.133703542171
7949.721534959972
8177.859686512205
15924.907269631745
33653.37563854689
68930.19101033453
20715.5905118105
23040.2316941116
17953.381951119285
32572.645041042008
23779.24640208995
0
0
0
0
0
5859.576094969059
26918.547532750817
0
51343.83351313509
12663.413979700359
26451.526282549137
0
0
995.0213440285952
31981.59561404586
32190.0693362155
11488.70546315366
15347.795686961967
5994.433547639637
7853.025914238184
0
2999.4686007667333
14335.756152743474
11624.437880460173
19406.82864993441
20654.077498607705
25742.883333151694
12313.119482606184
10651.468334468082
18562.190917475556
19058.621477594308
15651.923065822746
11262.038102306367
10077.20771394117
35895.868724715896
16961.70792874077
25220.359356675646
10467.331662959827
8029.444605458935
105114.52386196377
8398.528146685465
18995.473525067384
17257.58381848014
10627.054321799951
39196.60331844655
7916.344253649935
8063.234166461043
8227.459245643113
8165.971861350816
6200.808474635007
15845.649610546636
12378.520897473209
9921.693022274412
20892.267614419456
11476.274339809548
13649.859379826463
13567.768074186868
0
12186.207683803048
12783.86738697486
8340.68806505017
14599.775777095463
34199.75615060992
30877.713977662846
15292.862734521575
27590.61527095735
17181.567298076232
13662.822484222066
19141.72962427343
25448.127575731207
15919.224230305757
21828.445946109947
15954.843400323502
6019.105038044974
6551.579629436368
6020.445802057213
32609.02891638549
11.903406543657184
9490.180928271264
12184.537661752664
15173.392164072255
20260.743446585722
3643.980112764053
3957.5680917669088
13413.729956323281
3002.241662989836
0
15925.354978344403
42477.77869669278
19023.063486537663
21073.33218044306
10014.181580817123
10894.065476480871
14685.07910695702
6107.611257888915
16782.055776645226
22560.77351542216
66145.71568943723
10564.600159754802
13454.36139150476
10397.824948376103
11757.508066112234
18753.030040151672
12960.6026743494
34090.09914773516
25177.102662628167
23314.085372196496
6862.468833758947
6171.758486552397
42187.430976055155
33636.16656376404
32695.790324320376
49246.28124227168
98225.01234370856
668.417470366694
21700.44844751968
3447.987653432414
29941.790473967558
19816.727916800417
15739.657086268067
15739.657086268067
14246.819880969822
15739.657086268067
30406.41036579851
10489.740376314468
10422.160749569855
15084.101184891857
15015.408768397145
9710.417345434893
12497.411824048118
7670.45026270533
39371.5689727437
14831.043528961018
13391.931590335444
14831.043528961018
10009.867487749085
11021.461302986369
8587.0326680867
12353.215745273046
10001.050907042809
5336.489718748257
12853.838194754906
7370.310764333233
7805.054959479719
9167.776171606005
17185.482346555706
16393.828369656774
14707.819433324708
21796.176520173467
6528.524474202655
10241.058376503643
14226.836835859343
17836.324949581176
20755.343375627883
1130.3970750856097
1130.3970750856097
0
16498.422236941755
8366.099154546275
5932.73046967946
2353.4751635771245
3893.2248039338738
0
0
0
0
0
0
1548.9748302139342
1311.3814080245793
6089.262186440639
3053.513896298129
2134.3188057336956
1928.5441314443015
4154.491126276553
3413.224686843343
3855.2815935099497
842.3226337876404
473.16162186302245
1264.6631698040292
1869.3848626771942
2958.2151758987457
3556.994676997885
5676.320451365085
1264.6631698040292
795.6254980224185
1618.1242017215118
8647.377579554217
0
4323.089899099832
3960.6167423398
5992.000107958796
6703.150696863864
7057.722351275435
5608.713464572153
6649.107251899775
0
0
3699.8612836319953
1566.53805956617
0
10324.24048587773
4925.83957466064
2147.6553090470843
2507.8239559913054
1018.7491416689008
4911.477622102015
5490.4748842017725
2074.022878466174
1514.498790596408
2182.1667930283584
6895.963781300932
8027.995894005522
4245.404294931795
6860.797406013589
1179.3444755473174
2965.257944342098
1286.0253593875095
15581.902451233007
7422.655644359998
3392.637907098513
9510.316971449181
2158.598479283308
1521.5399849493988
16820.586731358533
15425.530049903318
3227.7728232018417
3204.6501543823397
2084.3271989384666
1437.032551332377
3898.841407889966
3594.6557263098657
2873.563051689416
3845.749253967777
1545.1160702495836
2432.610093142139
1144.3089266112074
1253.0903680748306
3115.997837793082
3115.997837793082
1718.6538551957346
3287.906596505083
1656.102628653869
861.3146269451827
2797.4608359906124
587.9928459879011
0
4923.108117252385
3941.5260737598874
2518.927614902612
5154.265869784635
5065.357841442201
4148.261223613663
3806.469918663992
765.0163264080184
0
0
0
0
0
0
0
0
0
0
0
0
0
0
0
0
0
0
0
29378.895768556802
0
0
0
15998.123405429957
8790.265076574171
15677.984697397798
30121.129538648354
20479.266749387374
23211.55869798502
6772.762250449508
41975.40429368615
37943.01527237892
2163.396282294736
8264.988317916981
7908.065574300602
8174.237311117351
8289.241311507765
15032.225851673633
11608.066539263353
11337.526323510334
9852.669424900785
15460.936428040266
17356.62160601467
15032.816580057144
8398.362717661075
8551.69111719355
10724.660402771086
6872.630615217844
6872.630615217844
10866.264250291395
6602.305348295718
9673.46436129231
10775.88247125654
8571.291420654976
8559.429428850883
6547.366082598455
8621.896620769985
10072.833497383632
11470.891321172006
11608.342039234005
8123.551129986183
10498.203626763658
10719.551113840309
11586.831863939704
7861.404728758847
10940.525568301033
13242.733577811334
8667.656588598795
12368.105332284234
12368.105332284234
11376.081287604757
10420.21103893686
11638.93358947616
14001.257901283912
11237.718901677988
12335.906201710168
12335.906201710168
11867.97836512624
10324.699825563875
11187.251764665067
5652.485819481313
11754.30966484733
11991.192863710225
9236.639247871004
9236.639247871004
15107.594648445956
11988.103046214208
10138.379413949326
9078.017291735392
14383.611737250816
15437.785257659387
16573.53158954624
147290.71100258452
91813.98041221616
77909.17993976921
87407.90120856639
113839.93186713557
26494.23499053577
18012.50567039661
0
0
0
0
0
0
0
0
0
0
0
0
0
0
0
324.72632383019663
913.5449090404436
1187.9200725674164
2644.6720781603362
4029.769027155824
2177.637458976358
3393.409799175337
1196.9247281897697
0
2830.623286401853
3362.28044208372
3112.139481246937
5382.048167185858
8490.618361497298
8226.744852512144
0
0
0
0
0
0
5417.963724170782
3206.463410976343
2345.8069456242956
3252.5245267006103
2602.5490934329573
2548.706257874379
2535.544872821658
3463.3228918362875
3238.92157262034
1912.7069411203265
4531.921923570568
3216.719842514256
29861.650781477336
16002.630102627329
16968.034488108184
11542.901383636137
14455.349461522503
29864.602337480406
1162.6481872736476
74812.38306876179
618.2618252533575
4828.321827051113
5137.09920544608
1486.9216630880255
6550.353760294849
3374.6747176824138
3270.1887245133985
1079.2496603280306
0
0
2443.0016753440723
0
0
0
0
0
19298.646396980148
0
0
0
0
0
0
53360.02752050338
3062.9784972637426
1720.7700605168939
1575.7749059641792
1247.7635327279568
6096.051598924212
3477.249950846657
4285.480485604145
5406.068634484662
5896.277301419526
0
1261.3949154992588
13109.683611821427
8337.501225704778
0
0
0
2721.4586068755016
3220.309758517891
3918.934482148092
2404.960711046733
1820.0393922628427
0
7506.6675646966905
12662.42424128513
5553.805318515049
171.4189222389832
598.5798197789118
1798.7263285014778
4821.3413974499745
14349.500390425674
0
